1.249234652099181204e+02
1.247511016659551615e+02
1.247929493539171943e+02
1.247377667551502896e+02
1.247862840775170667e+02
1.246878295468349052e+02
1.246370452041869612e+02
1.246766241218029734e+02
1.248278488040132999e+02
1.249834682078978716e+02
1.249393483180901114e+02
1.247467051599010546e+02
1.248658684481626295e+02
1.249004797895433683e+02
1.249667310680789001e+02
1.248233069396316210e+02
1.248861532782682815e+02
1.242619648799724814e+02
1.241803946361060866e+02
1.241666336059570312e+02
1.241782669046873906e+02
1.241914607422499444e+02
1.242944476020339692e+02
1.243483582124896287e+02
1.243907432389907086e+02
1.244930681581919600e+02
1.246259306452672462e+02
1.247254010028075584e+02
1.247248281825615379e+02
1.248462741044279340e+02
1.248399939109248891e+02
1.248685369882244629e+02
1.247455205375723466e+02
1.246567537825468719e+02
1.245725565154757248e+02
1.246053775748295323e+02
1.245270313922231082e+02
1.244598135974802204e+02
1.246070917118779704e+02
1.245866848576427515e+02
1.246083775291330369e+02
1.246580413155517988e+02
1.246740239372152814e+02
1.246510463749748538e+02
1.246466230345930484e+02
1.246534726168424214e+02
1.247272553166190079e+02
1.247346733611097704e+02
1.246496186308919363e+02
1.245645630427991648e+02
1.245938182592328474e+02
1.246603239148416264e+02
1.246583268506423821e+02
1.246217902663512547e+02
1.246813001235081657e+02
1.247714963726814119e+02
1.248542650377947183e+02
1.247799112335219434e+02
1.247468063891424066e+02
1.247382418119696723e+02
1.247365294249860739e+02
1.248065991734501381e+02
1.248194451984918061e+02
1.247657863571696168e+02
1.246663134260045354e+02
1.245471526770527504e+02
1.245467261073242184e+02
1.246449097554195333e+02
1.245472980353803223e+02
1.244920696260923307e+02
1.245216086618667504e+02
1.244685200671658123e+02
1.244835059067945338e+02
1.245681323172189963e+02
1.246570427834521695e+02
1.246646053283955666e+02
1.245654205402608454e+02
1.251793596923392045e+02
1.252388695151811220e+02
1.255549747385742023e+02
1.255298564352418111e+02
1.254978877604151251e+02
1.255177242993991058e+02
1.255334239595967887e+02
1.256530157049117236e+02
1.255595408293438027e+02
1.255298564352418111e+02
1.255147892690700502e+02
1.254796284759562894e+02
1.255842429603917765e+02
1.255975882000107617e+02
1.255991681997356721e+02
1.255266998672916969e+02
1.256514061942893363e+02
1.257530112534821285e+02
1.257547331800349042e+02
1.257776943053917336e+02
1.257914695805539509e+02
1.258899138167369927e+02
1.260549474028066612e+02
1.260316989922943947e+02
1.261948698230633283e+02
1.261607144593636036e+02
1.260982860087612210e+02
1.262258650500532440e+02
1.263303402156006428e+02
1.263666457570165278e+02
1.263411044184003060e+02
1.264893463038056609e+02
1.265445964688017852e+02
1.265054191739114344e+02
1.263477047021959834e+02
1.262462433542109039e+02
1.263386643475889315e+02
1.263266092145996424e+02
1.263366525279409416e+02
1.263045089838892068e+02
1.262090769181486252e+02
1.262010392477558440e+02
1.261457926515194146e+02
1.261538259295925712e+02
1.262080714887345891e+02
1.263165649404384254e+02
1.264119927511193708e+02
1.264712628493917919e+02
1.264672445632353543e+02
1.265224954145314200e+02
1.267173779694290090e+02
1.266550973478339870e+02
1.266591141241305536e+02
1.266239549781366520e+02
1.266420367854306619e+02
1.267655976778262357e+02
1.266520820204117967e+02
1.265978365985297671e+02
1.264280671310850153e+02
1.265626774525358655e+02
1.265134549226643799e+02
1.265918097869650580e+02
1.268399365893902768e+02
1.268238604250447850e+02
1.268881510819079494e+02
1.270237677935927536e+02
1.269594763131696595e+02
1.269363707903051761e+02
1.266802115333667302e+02
1.267334505650148060e+02
1.266792034960129172e+02
1.266319926485294332e+02
1.266159164841839413e+02
1.266149092703900578e+02
1.266411594195856765e+02
1.267673532330761361e+02
1.267653294718091672e+02
1.268935434778069009e+02
1.269197936270025195e+02
1.269682529913392557e+02
1.270873781899540802e+02
1.272256840993289586e+02
1.272297233862636006e+02
1.272307338942972024e+02
1.273054390155099327e+02
1.273276501522908859e+02
1.272620286225815107e+02
1.273872119280383686e+02
1.273993275926824822e+02
1.274245653122046633e+02
1.275053332070990280e+02
1.270651681512530331e+02
1.269823855542509250e+02
1.270681958320741671e+02
1.270066144128593635e+02
1.269692618522529983e+02
1.272731346027519521e+02
1.273165458192403037e+02
1.273397649933750699e+02
1.273367364889940063e+02
1.272590020398402828e+02
1.273316883411456217e+02
1.273528859501732313e+02
1.272690936686974510e+02
1.272791916115140793e+02
1.274386986986762622e+02
1.273488494084383547e+02
1.269571478347287439e+02
1.272478944125499822e+02
1.271832828418342558e+02
1.272478944125499822e+02
1.270893970098614716e+02
1.271620841347267401e+02
1.271338146165837770e+02
1.271338146165837770e+02
1.270459857933731200e+02
1.272529431094383199e+02
1.272751506774595782e+02
1.272458747690826613e+02
1.271529977980236197e+02
1.270459857933731200e+02
1.269238309922973258e+02
1.267946114196255678e+02
1.269369546942952525e+02
1.271479480030553759e+02
1.274215376313835293e+02
1.274740343610150717e+02
1.276597907738129436e+02
1.276991638014465593e+02
1.276880586448360475e+02
1.278526147034065445e+02
1.279131889088274647e+02
1.278768435620149830e+02
1.279798182013706764e+02
1.281211545367664542e+02
1.280403907596717374e+02
1.280666406343473795e+02
1.280980704264601400e+02
1.281295026892526892e+02
1.281112531502530203e+02
1.281994635562310521e+02
1.283566204778741735e+02
1.285158066511837944e+02
1.286537032512736687e+02
1.286344368902809379e+02
1.287844988431306774e+02
1.287033825823860980e+02
1.288696675677687722e+02
1.288858889531818477e+02
1.291048998923764657e+02
1.290004620615458748e+02
1.291424108510092879e+02
1.291353145096160233e+02
1.287439412617983407e+02
1.286993279223327704e+02
1.288311375909830758e+02
1.287865269967172708e+02
1.287368432732852170e+02
1.284732217398247940e+02
1.286476187905138886e+02
1.284275954216458331e+02
1.283941374759464793e+02
1.282025041394910829e+02
1.280504167782545153e+02
1.279003531782849166e+02
1.281700577999052371e+02
1.284985700908975161e+02
1.284103596849194844e+02
1.285279750236634015e+02
1.284874185404109710e+02
1.284336818040454489e+02
1.286344368902809379e+02
1.286263275701742828e+02
1.284853884651845419e+02
1.282684117190160009e+02
1.281619482052786054e+02
1.278496605939391202e+02
1.278506738471724873e+02
1.280017479551756878e+02
1.284215106863660765e+02
1.284336818040454489e+02
1.281538353164122555e+02
1.282521867648432305e+02
1.282096054222439250e+02
1.279074519903579699e+02
1.278232954208733361e+02
1.281000977564868037e+02
1.281842570711712028e+02
1.284732217398247940e+02
1.285320280365968699e+02
1.285441975071563832e+02
1.281426834914057338e+02
1.287682747125178366e+02
1.291322750244358986e+02
1.289558498201602106e+02
1.291048998923764657e+02
1.291069263988431999e+02
1.291991942100743245e+02
1.292857185143565175e+02
1.291829041946671168e+02
1.292633215275514544e+02
1.294974453404939254e+02
1.297885721284826559e+02
1.299494067942513311e+02
1.300125161916554930e+02
1.300888612952080052e+02
1.301794556326622114e+02
1.301519728887719793e+02
1.302588539473936748e+02
1.306151298162121748e+02
1.305306408030359648e+02
1.301865799750930819e+02
1.303525031431466914e+02
1.301529908088449474e+02
1.302171192244019835e+02
1.302446041644520278e+02
1.301611336203887390e+02
1.299443138996467724e+02
1.299636543810331659e+02
1.300186237120933015e+02
1.297509101838627430e+02
1.295198395820992232e+02
1.297448010163050753e+02
1.296572604390697734e+02
1.297956970199534794e+02
1.300084450604035737e+02
1.301540081798779624e+02
1.300552688347201524e+02
1.298923994268854472e+02
1.300257480545241719e+02
1.299728178578496909e+02
1.296358863136972559e+02
1.297234257928526517e+02
1.296226528037087178e+02
1.299402444155147123e+02
1.297427679213589045e+02
1.297244453600454790e+02
1.298333628078530637e+02
1.300399994845856781e+02
1.299035976457680022e+02
1.298618629227763108e+02
1.299595827007412936e+02
1.300145503846815700e+02
1.299891023828573680e+02
1.299331195240438888e+02
1.299819769423465914e+02
1.299198871121352568e+02
1.297753369713742586e+02
1.300654502316096455e+02
1.299952115504150356e+02
1.301692764319325306e+02
1.302761569415142731e+02
1.303382539092449974e+02
1.305794998684585266e+02
1.303667562203280568e+02
1.301713139191983259e+02
1.298160565194927472e+02
1.302028683433804304e+02
1.301774186944363692e+02
1.298822213242356725e+02
1.298018050894312410e+02
1.298805138099816645e+02
1.301217476903162265e+02
1.299888657466376003e+02
1.299428671793704666e+02
1.299571773567069499e+02
1.302576987673324425e+02
1.302392982423456829e+02
1.303844479347354195e+02
1.303721807350642621e+02
1.303711562265118573e+02
1.305071062054481672e+02
1.306246616988372011e+02
1.303261805206772692e+02
1.305735521186470578e+02
1.305469747416394171e+02
1.303936476481888462e+02
1.304202244761565339e+02
1.303609396910653686e+02
1.303772901008674125e+02
1.302996113792689243e+02
1.302270326897943846e+02
1.301401498624228452e+02
1.301013036386241879e+02
1.302505425805842947e+02
1.302208971683189702e+02
1.300757502211289989e+02
1.300501968036338098e+02
1.301197047126509005e+02
1.300890386351128427e+02
1.301483239692439611e+02
1.300174839051507547e+02
1.301207286721633523e+02
1.300614378476327033e+02
1.301718338600338711e+02
1.301094815887249752e+02
1.300328185910396428e+02
1.298058937899616581e+02
1.298978920225758316e+02
1.300174839051507547e+02
1.300011285539891333e+02
1.299561533971944982e+02
1.299244683015035662e+02
1.296055458168513610e+02
1.293500056024599871e+02
1.296781223101660885e+02
1.299213991681659763e+02
1.299162909004427320e+02
1.300399736797078845e+02
1.302127230614978544e+02
1.303261805206772692e+02
1.305766212519846476e+02
1.304416908402411650e+02
1.298764245604112944e+02
1.298702934312555044e+02
1.298028268527838804e+02
1.296259898685433996e+02
1.296883459831319669e+02
1.296484779959806701e+02
1.295851034122791816e+02
1.294757308103505125e+02
1.291833878988657602e+02
1.287949580542364174e+02
1.288726466585540607e+02
1.288983148253994386e+02
1.289383634466952913e+02
1.293696178586231440e+02
1.287299182323573064e+02
1.289096091262737787e+02
1.289003687838638257e+02
1.289835422973125105e+02
1.291067561964577521e+02
1.290389881950518998e+02
1.288859949178927877e+02
1.286436703696914776e+02
1.279361994477800692e+02
1.276651200301172935e+02
1.277287858795138789e+02
1.283397344795979222e+02
1.286713905733614070e+02
1.287093844126329429e+02
1.286549641215258646e+02
1.281374538858528638e+02
1.286118367586932436e+02
1.284095558904282086e+02
1.282966071167653013e+02
1.286087544483967804e+02
1.283869659160796459e+02
1.286354528887140702e+02
1.288038497562761791e+02
1.289167977063791568e+02
1.290163979461833605e+02
1.290297467545620407e+02
1.287740720253821678e+02
1.287258108644684853e+02
1.289065312082969399e+02
1.287206798115871891e+02
1.288151424100306599e+02
1.288849665660607116e+02
1.288551871880468411e+02
1.286221049038953197e+02
1.282750432980890025e+02
1.284023697810026192e+02
1.283284390806436761e+02
1.284105847913002378e+02
1.284516562740286361e+02
1.285060765651357144e+02
1.284516562740286361e+02
1.283202248939059871e+02
1.285892476079046105e+02
1.285358526489098665e+02
1.285553622346018017e+02
1.283931266933929010e+02
1.285625519127870859e+02
1.284783536162660198e+02
1.285492039279683354e+02
1.287586700820990302e+02
1.287576447499866958e+02
1.289363072920710920e+02
1.293039038156816787e+02
1.289137175922425058e+02
1.288387599126513692e+02
1.293234106561738486e+02
1.294527924701517350e+02
1.293470298059144170e+02
1.295195332178054173e+02
1.296622556045626879e+02
1.296037295926866477e+02
1.295459848646638079e+02
1.295604213211894944e+02
1.295098882329500611e+02
1.291180351242134066e+02
1.290499744845125747e+02
1.290097589550709927e+02
1.286612141178314914e+02
1.288509573842484883e+02
1.288004242960090551e+02
1.291716565621887867e+02
1.293253064911317551e+02
1.293789290271870414e+02
1.292190914179731180e+02
1.293356180104901227e+02
1.292479648800644441e+02
1.292252801963239790e+02
1.292758105393636470e+02
1.291768164396676184e+02
1.290675053302136916e+02
1.289561364190157065e+02
1.293510844659677446e+02
1.292737445020202927e+02
1.292685917620608507e+02
1.289994479847525781e+02
1.290561621647835295e+02
1.287478339550655164e+02
1.286756502998372014e+02
1.284704397543826531e+02
1.285580931593283083e+02
1.283147312001356966e+02
1.280105254569052136e+02
1.281445820715634056e+02
1.281342705522050380e+02
1.282765731979181965e+02
1.282167673739115799e+02
1.280919909070599374e+02
1.282899807535718537e+02
1.281435479548118224e+02
1.279311252205339144e+02
1.279404064664203702e+02
1.276681674763767376e+02
1.274608958349384125e+02
1.270226334770497374e+02
1.270752251905931587e+02
1.272371249938707649e+02
1.273845864189828490e+02
1.271195651081621065e+02
1.273392129337022709e+02
1.270927568598542052e+02
1.270442887108782202e+02
1.270576962665318774e+02
1.270071672960920921e+02
1.275351422332703635e+02
1.273309641574475393e+02
1.273876808081582794e+02
1.267101814282443115e+02
1.267792742630568910e+02
1.271144104465628288e+02
1.270205723810659606e+02
1.268194892434585199e+02
1.270123252519310881e+02
1.270921562101455606e+02
1.268246609252963424e+02
1.269273050426002953e+02
1.269252302206176921e+02
1.268505821995600797e+02
1.267914851861328600e+02
1.268215528101220855e+02
1.270963020108310957e+02
1.272497493440313860e+02
1.270569064725594046e+02
1.270340966077096425e+02
1.271211875212233906e+02
1.268941293034368130e+02
1.270403172303777808e+02
1.271087454523271845e+02
1.271242945383177414e+02
1.271014874186677446e+02
1.274996163285878197e+02
1.275224261934375818e+02
1.276001856239091694e+02
1.277567438174834820e+02
1.276385462218693476e+02
1.275514564064355056e+02
1.275607867913977600e+02
1.275659713756744793e+02
1.276789852105718239e+02
1.277059397780272150e+02
1.279195201630461440e+02
1.280636338170444617e+02
1.280460071638715362e+02
1.280584500563276720e+02
1.280574142924562295e+02
1.281413943455959554e+02
1.280802258044258508e+02
1.280325320763036530e+02
1.279827654478386876e+02
1.282409270534859331e+02
1.284358422762607290e+02
1.283767452628335093e+02
1.284804251440089047e+02
1.285975861521916670e+02
1.284617627269645368e+02
1.285809980080899493e+02
1.283300925144623079e+02
1.283425337597985845e+02
1.283798569467674611e+02
1.285270831082596601e+02
1.286929697651563913e+02
1.286991903878245296e+02
1.284659118218897902e+02
1.282201911870588447e+02
1.281610941736316249e+02
1.281839029404014809e+02
1.280636338170444617e+02
1.280335670166151658e+02
1.279713602408938300e+02
1.278956737107650099e+02
1.272186451326107886e+02
1.269086445471957632e+02
1.267956342810581134e+02
1.267852645634647217e+02
1.269449284015335024e+02
1.268422875784692678e+02
1.268026507371382081e+02
1.267484097075758029e+02
1.267557091937516986e+02
1.268214265309328823e+02
1.267265049350886557e+02
1.265001486648820617e+02
1.265189252822366655e+02
1.268694107011902474e+02
1.268287295858684729e+02
1.269403406236857563e+02
1.269027890360964079e+02
1.270091852924395539e+02
1.271354005184881828e+02
1.272887383182178382e+02
1.274681530450379228e+02
1.275505581770723040e+02
1.275442996706474048e+02
1.274931898159372849e+02
1.273471526004634313e+02
1.272699649951029528e+02
1.272908287878391036e+02
1.273648832967074611e+02
1.274066089605399270e+02
1.273972222989824843e+02
1.274712844944101846e+02
1.273857468149236354e+02
1.272303229378923390e+02
1.272428426959419028e+02
1.272094627139158831e+02
1.272522301810592751e+02
1.270206621490982855e+02
1.269966663579499198e+02
1.270811619596055664e+02
1.270436111955761476e+02
1.271009803802710962e+02
1.268193385319914057e+02
1.266774770398805288e+02
1.268391569526569356e+02
1.269236511817126996e+02
1.270488221337706136e+02
1.270790731371041602e+02
1.269851916974510004e+02
1.270415234711546475e+02
1.270842925854178986e+02
1.271614785436585180e+02
1.271927757426226151e+02
1.272386721884584802e+02
1.271812986114439070e+02
1.273815752093603066e+02
1.273805334060493806e+02
1.274900594646449292e+02
1.274942316192482110e+02
1.275036210260054190e+02
1.274483354479323225e+02
1.273680172167595117e+02
1.272303229378923390e+02
1.271604400345873103e+02
1.278155086617391021e+02
1.279604999561023817e+02
1.279469408654216807e+02
1.281388728796115402e+02
1.279751068895334924e+02
1.281117541492101850e+02
1.281799234988217222e+02
1.283487714027052675e+02
1.284421123125246424e+02
1.284882552772994302e+02
1.284033078157624175e+02
1.283959649554302302e+02
1.284221846329084542e+02
1.285585238811714817e+02
1.285480366690281357e+02
1.285312527921831531e+02
1.285165733854782388e+02
1.285459393364074572e+02
1.284567925427894863e+02
1.284924510406206934e+02
1.284064546382533649e+02
1.283582107720982037e+02
1.282921371079874859e+02
1.282795531122634145e+02
1.281935553372962033e+02
1.282040417258796197e+02
1.282701164880702436e+02
1.283749897075836088e+02
1.283718434341326144e+02
1.284410609010145379e+02
1.281432149620802932e+02
1.278925579090314102e+02
1.281348250825576258e+02
1.283980606409310496e+02
1.287986876826375351e+02
1.291972187643232246e+02
1.291290494147116874e+02
1.289885144031273967e+02
1.289874646387371513e+02
1.289853706003561911e+02
1.290975850330818844e+02
1.288972716494886299e+02
1.289151011729242100e+02
1.289371259106411003e+02
1.290273205470094808e+02
1.288416868446411172e+02
1.289329312453997431e+02
1.288773436953524651e+02
1.289276873648080937e+02
1.289329312453997431e+02
1.290210247058677737e+02
1.290388553273832599e+02
1.292475591395391348e+02
1.292737790915373353e+02
1.293828480743719638e+02
1.293450933419999842e+02
1.294132637896914275e+02
1.294048711649689949e+02
1.293964807364063745e+02
1.293597768665045464e+02
1.293534837705626046e+02
1.293052401789274199e+02
1.294153611223121061e+02
1.294782832970922755e+02
1.291993155479039501e+02
1.290829037047371344e+02
1.290031957314721467e+02
1.289843213850058987e+02
1.287693242023881055e+02
1.287798122380913810e+02
1.286543695112567036e+02
1.285500068988996816e+02
1.287155097768692258e+02
1.287840277668509543e+02
1.287650548677131326e+02
1.284393215424432526e+02
1.285067903170746888e+02
1.282200605155500170e+02
1.283676432784917267e+02
1.286712340969747856e+02
1.286670182936952358e+02
1.286786140175038042e+02
1.288546551683323287e+02
1.288620359124212769e+02
1.288019489799586950e+02
1.288609801085915478e+02
1.288377886609744110e+02
1.288261940352457486e+02
1.287271019319180994e+02
1.286185279086011519e+02
1.286617469611059335e+02
1.285784713262259800e+02
1.286670182936952358e+02
1.287808680419211100e+02
1.288957678290572062e+02
1.290886768598435310e+02
1.290201577717818964e+02
1.292193900957075812e+02
1.292193900957075812e+02
1.292858003213095230e+02
1.293016115738776648e+02
1.293722406224788983e+02
1.294049172843250517e+02
1.294165163023733385e+02
1.293353445885935002e+02
1.293595918400403662e+02
1.294375988875307826e+02
1.293848910520372897e+02
1.293817307780674923e+02
1.292858003213095230e+02
1.293205902379349936e+02
1.293068856516667324e+02
1.293690803485091010e+02
1.295061168775125111e+02
1.296199641550585966e+02
1.296326134865370818e+02
1.297000778688488936e+02
1.296473738766350721e+02
1.296252343895679928e+02
1.297264317865956400e+02
1.297253809241254885e+02
1.297032397899385501e+02
1.297264317865956400e+02
1.297348677854743642e+02
1.297232720616657957e+02
1.299246121499712672e+02
1.299309381883103924e+02
1.299319923450202623e+02
1.298982565851046616e+02
1.298687434914680239e+02
1.306488101230925167e+02
1.306256159302756146e+02
1.306835978435581751e+02
1.308111475112127096e+02
1.309418596489968536e+02
1.309956216412002163e+02
1.310961997211608150e+02
1.310644383089164080e+02
1.311883116050452713e+02
1.313714658429856286e+02
1.314233407848703337e+02
1.314064018042386124e+02
1.314455774520091040e+02
1.315493289828983734e+02
1.315927415719866076e+02
1.315313298061172986e+02
1.315450969829402084e+02
1.315736789048164610e+02
1.315800318461132861e+02
1.318764694975679390e+02
1.317885983982808966e+02
1.318754136937382100e+02
1.318288271046813520e+02
1.318478853795318742e+02
1.317928347905586861e+02
1.317589590254550558e+02
1.318076621635309493e+02
1.318140096144282438e+02
1.317917773396090979e+02
1.319474038123830724e+02
1.319717575775808314e+02
1.318976514589568865e+02
1.320532795788507201e+02
1.318817699292747534e+02
1.320490415394530714e+02
1.319961036562192476e+02
1.319664692247529842e+02
1.319918754995407539e+02
1.323010223278287754e+02
1.323348931515728282e+02
1.323147785238526239e+02
1.322861933077366530e+02
1.322904313471343016e+02
1.324037191529682218e+02
1.323243104064776503e+02
1.322861933077366530e+02
1.322523169935930696e+02
1.322343211110517132e+02
1.320712793046717479e+02
1.320892735400932452e+02
1.320098752253617818e+02
1.320924546775812587e+02
1.320257496175245251e+02
1.319706968323915248e+02
1.321570305607000364e+02
1.321390363252785392e+02
1.322840729154379460e+02
1.323783040935412032e+02
1.322883131509954069e+02
1.322999599355196096e+02
1.322851375039069239e+02
1.325953379398648622e+02
1.326938022160061905e+02
1.326461559798399321e+02
1.325900440966374845e+02
1.328473137868809886e+02
1.332760909305406472e+02
1.333798490499093532e+02
1.333025617937973948e+02
1.334428865230796646e+02
1.336714540516971965e+02
1.336289287111731028e+02
1.336044766678237465e+02
1.330495510064697555e+02
1.332929881841359361e+02
1.333482781545286571e+02
1.334471404846359519e+02
1.334269445990026952e+02
1.333780372180642644e+02
1.334343807961269022e+02
1.334067432229699079e+02
1.334131241653043389e+02
1.333163783842160797e+02
1.333610285093585048e+02
1.336023562755250396e+02
1.334407573461417087e+02
1.334960423751748522e+02
1.335938450581727466e+02
1.335534488945866087e+02
1.329145321992938307e+02
1.325360745673318661e+02
1.326604557254173073e+02
1.325084342489751066e+02
1.324159506650424305e+02
1.322012068643629732e+02
1.326338810936094319e+02
1.324924923248981372e+02
1.325839162617214129e+02
1.325584007279829848e+02
1.326275007003149540e+02
1.325786053982554904e+02
1.323564105763730936e+02
1.325796644963249378e+02
1.323510964186674528e+02
1.323872441110968339e+02
1.323319629253433618e+02
1.323946874457404306e+02
1.322501093039418265e+02
1.324042522707626404e+02
1.324978086787635903e+02
1.325477718635317501e+02
1.325700996713027280e+02
1.327859009229317735e+02
1.329209076512287311e+02
1.329761943273817337e+02
1.330314755131352058e+02
1.331314035297913847e+02
1.330591141843721061e+02
1.330516724968483686e+02
1.332451569215054974e+02
1.333142552467176074e+02
1.333908002008130325e+02
1.330825010902125314e+02
1.329698117379274436e+02
1.328879559203660961e+02
1.330282894342876148e+02
1.337820131289644223e+02
1.336151071793948404e+02
1.337022804489015471e+02
1.339595462958653798e+02
1.340945607107216802e+02
1.341987366494946627e+02
1.336533763622028346e+02
1.338838973749733441e+02
1.341368378851869920e+02
1.343236113944979024e+02
1.342542325098697802e+02
1.339244560543855869e+02
1.338860375327103611e+02
1.338550826601569952e+02
1.341293676475856955e+02
1.341507154190404663e+02
1.340749391208793213e+02
1.341379041207758291e+02
1.343097393510439588e+02
1.344634233204640168e+02
1.345103794134092823e+02
1.345797561018775923e+02
1.345850894759815901e+02
1.343748379201980470e+02
1.343566976401490365e+02
1.342873198536008204e+02
1.340066374526390973e+02
1.343129391558903762e+02
1.342446319972506217e+02
1.341154934079719396e+02
1.339692829703928965e+02
1.341400453765927523e+02
1.340109034930743519e+02
1.340173031027671868e+02
1.337334187007992341e+02
1.334473963372540766e+02
1.332873034244619816e+02
1.331442911446094968e+02
1.334207086032158713e+02
1.335370380903897285e+02
1.334356490784184643e+02
1.335252996161933652e+02
1.334922155667020434e+02
1.335637247263480276e+02
1.334569935556335167e+02
1.336608444036443188e+02
1.336512427929452542e+02
1.337088711244980459e+02
1.337152740284305992e+02
1.337846441284194725e+02
1.337259440708783131e+02
1.338316046136843624e+02
1.341400453765927523e+02
1.342030147688088846e+02
1.341272384706477396e+02
1.337238126977805450e+02
1.337526285106768000e+02
1.337440821547675114e+02
1.338433441859606319e+02
1.337697036532168795e+02
1.338764326277715782e+02
1.344783648937465159e+02
1.348700510943374411e+02
1.351176450534882179e+02
1.348881924724663577e+02
1.350184038858133135e+02
1.354869216393551596e+02
1.356736918544263517e+02
1.357334603437161604e+02
1.358860769794674752e+02
1.358476584577922495e+02
1.357855334890239192e+02
1.357105576911143316e+02
1.354288551739198283e+02
1.351867900470963377e+02
1.354031579079569383e+02
1.353013999411372197e+02
1.352831893839742179e+02
1.356216516515157764e+02
1.358165948753281782e+02
1.358176622089969214e+02
1.357234107164154011e+02
1.356141616484761698e+02
1.352296316346333924e+02
1.354834868454088337e+02
1.353977992780150998e+02
1.352639114931424729e+02
1.352467715638879326e+02
1.351792967498170128e+02
1.352125004900181011e+02
1.352178558257202212e+02
1.355713178647793029e+02
1.354674186421426612e+02
1.355284751791623421e+02
1.355231187453803159e+02
1.357105576911143316e+02
1.359729779251574655e+02
1.357716109338942942e+02
1.357512569247545571e+02
1.358219567995097350e+02
1.358219567995097350e+02
1.353463849806510098e+02
1.353496001586161128e+02
1.354010111617404846e+02
1.352028549561227919e+02
1.355274001589342561e+02
1.355241849809691530e+02
1.356098736464427930e+02
1.358208751908022123e+02
1.357512569247545571e+02
1.357491134727778217e+02
1.357448331573037876e+02
1.358508703415176342e+02
1.360447407412617622e+02
1.359483425024637882e+02
1.362600280914947461e+02
1.362771658245894741e+02
1.361914749629560220e+02
1.360350985016061713e+02
1.360393832093998299e+02
1.357373398600244627e+02
1.354042219473859632e+02
1.354470701234024546e+02
1.350668336019925846e+02
1.349607920254591136e+02
1.350100628708464683e+02
1.350475502207613090e+02
1.342677883063107629e+02
1.338382842337532566e+02
1.345387790540211199e+02
1.341649652019821133e+02
1.336947542092250387e+02
1.338980197806458818e+02
1.345755537500768924e+02
1.347508600109282497e+02
1.350767240077069573e+02
1.356811335419500892e+02
1.356209115456590553e+02
1.355585351165922248e+02
1.354746451060048003e+02
1.356284377853355636e+02
1.359510778195099192e+02
1.363242657660024406e+02
1.362618816503762673e+02
1.362328484176586016e+02
1.358973004541878709e+02
1.360274371981012109e+02
1.360930375897723934e+02
1.360769035017118540e+02
1.359005277110319412e+02
1.361059422248290502e+02
1.364328845360755622e+02
1.366200138232760537e+02
1.364318073196876639e+02
1.362672633399961342e+02
1.362898464513452836e+02
1.362220938230581169e+02
1.359295631399094191e+02
1.359231097243011845e+02
1.354961531971258637e+02
1.352358928862580569e+02
1.348153897746909706e+02
1.356574743122929476e+02
1.351810459911074531e+02
1.349810010880512436e+02
1.351208196024967947e+02
1.350025190618914621e+02
1.351864210922478833e+02
1.355327159637597561e+02
1.356607004710571118e+02
1.351853471700997034e+02
1.353649502176236865e+02
1.357090939505994811e+02
1.356219843697273291e+02
1.358048113798556642e+02
1.358682628291505807e+02
1.359854883495278273e+02
1.362457530527152585e+02
1.362027346743133194e+02
1.356607004710571118e+02
1.348992720987190523e+02
1.348476458719330822e+02
1.346002945884415567e+02
1.346766517708730362e+02
1.347379553758715929e+02
1.345336202746221943e+02
1.348498025008686909e+02
1.352627793727592689e+02
1.360661500051912753e+02
1.361005649275288079e+02
1.368469397224339446e+02
1.369899690225249742e+02
1.370856886479409695e+02
1.372265733979753577e+02
1.375147941174925563e+02
1.374370676294181521e+02
1.373895657907595478e+02
1.372049489103842461e+02
1.373928051264825854e+02
1.372643297774671964e+02
1.371909088607046669e+02
1.373334242593996350e+02
1.372826874773376176e+02
1.374122345523413742e+02
1.373895657907595478e+02
1.374359860207106294e+02
1.373625738885873488e+02
1.373193907981994926e+02
1.372513713364951400e+02
1.376152014460277542e+02
1.377868598854309994e+02
1.379466381983299925e+02
1.380189742121452809e+02
1.379628381711848988e+02
1.377728220319112324e+02
1.377220863479291211e+02
1.378354444308770326e+02
1.376648643059415917e+02
1.376756595294986028e+02
1.374640562373506327e+02
1.374532643080333401e+02
1.371239819885068982e+02
1.372114275818303213e+02
1.370991467152703081e+02
1.370408463588149743e+02
1.367439530041992839e+02
1.369879474574178175e+02
1.369588033186296343e+02
1.371034687577807745e+02
1.370613639818607226e+02
1.372848408120335080e+02
1.369328897309252397e+02
1.370926735342237635e+02
1.373701330706610406e+02
1.376519124534489720e+02
1.376270804744521001e+02
1.373604084750124912e+02
1.377004915084954746e+02
1.377328804734062260e+02
1.376875363617631365e+02
1.377458323258988457e+02
1.376324742429509342e+02
1.377922591443293641e+02
1.377447551095109475e+02
1.377631084170617441e+02
1.379131742131911551e+02
1.381096624354314599e+02
1.380438094853818711e+02
1.376950933476770160e+02
1.375795709492341530e+02
1.376205996068462127e+02
1.388308428849707070e+02
1.394667332720422337e+02
1.395315112018637365e+02
1.396481086205346855e+02
1.394365064264666216e+02
1.394516116136551318e+02
1.396275942917286557e+02
1.395604225477118234e+02
1.397055963978594946e+02
1.398009360876279743e+02
1.398540238587689828e+02
1.401877127729586618e+02
1.406492379536583712e+02
1.404195602662557576e+02
1.403740536387865632e+02
1.403751385417338042e+02
1.404228083866180441e+02
1.404953958607318327e+02
1.406882483404029927e+02
1.408789167391408910e+02
1.412342707698782078e+02
1.414563717059286319e+02
1.417380544576848251e+02
1.418171436629227173e+02
1.416557138378449281e+02
1.412472742321264150e+02
1.410522640254397402e+02
1.407304914743912150e+02
1.413285266547793526e+02
1.410273442000503792e+02
1.416058785793858306e+02
1.413274395556722993e+02
1.406817411188793585e+02
1.407207427209847310e+02
1.407348277919404609e+02
1.409146680247241648e+02
1.406579040002774263e+02
1.409970075464841557e+02
1.411486842258358365e+02
1.409569232375913543e+02
1.414477001689100462e+02
1.415332889091122297e+02
1.416979646583924932e+02
1.419168119836811002e+02
1.422190760471175963e+02
1.417770549617102915e+02
1.413761986958234047e+02
1.413198617062402036e+02
1.416557138378449281e+02
1.405170620753593766e+02
1.403101344074516419e+02
1.411400104926574386e+02
1.406254063254559696e+02
1.411443490063664967e+02
1.410403443680588680e+02
1.404802269849087679e+02
1.408366648205134197e+02
1.409818364745012786e+02
1.412071855309139892e+02
1.403794715650433318e+02
1.408897514935745221e+02
1.405105636384749914e+02
1.400707024762430137e+02
1.401855429670641797e+02
1.407879111707618449e+02
1.411519356404378414e+02
1.395550079156947731e+02
1.389168873283339281e+02
1.391530678449405514e+02
1.398226066945751427e+02
1.397432462636004402e+02
1.393061950878482094e+02
1.381864028477501734e+02
1.379754902478631493e+02
1.373851580980164044e+02
1.378863448268450611e+02
1.381168274068188566e+02
1.372829641934739584e+02
1.363175521054564570e+02
1.362958079271555789e+02
1.358076652895316556e+02
1.360609769507535702e+02
1.360196627923659207e+02
1.367480708038472130e+02
1.365969607337270872e+02
1.364914967472242324e+02
1.371698981997810733e+02
1.362860251332720054e+02
1.360718534322236337e+02
1.353945357845341277e+02
1.355152147662161042e+02
1.354097573681926860e+02
1.354608565166237213e+02
1.356619808322276413e+02
1.350672958936330588e+02
1.348998705522678847e+02
1.351314391332688274e+02
1.345682800687787903e+02
1.341268903793175014e+02
1.334637116084991248e+02
1.330397127595509232e+02
1.341638517489573132e+02
1.340529632477182531e+02
1.340616589424947733e+02
1.342258251826985997e+02
1.342453929666255590e+02
1.325352630862812475e+02
1.331951783636186519e+02
1.331593018969260811e+02
1.334658858067132314e+02
1.337442073358768084e+02
1.337974762902023258e+02
1.336333078538386872e+02
1.333843478832847040e+02
1.337181125649879050e+02
1.339214132749657438e+02
1.340214318832141771e+02
1.341258054763702603e+02
1.337431191386898490e+02
1.338105192833271531e+02
1.336778898980269332e+02
1.342279971847528941e+02
1.340692730285637708e+02
1.338931497962622643e+02
1.350422926141708331e+02
1.351716650944695175e+02
1.351803640834857561e+02
1.356945938054392400e+02
1.360131445900432254e+02
1.360196627923659207e+02
1.356608937331205880e+02
1.356827290520536735e+02
1.355757310479219768e+02
1.357351426021323277e+02
1.356576203569204608e+02
1.357253147869726035e+02
1.356838238377200696e+02
1.357395052735993204e+02
1.358596099594903990e+02
1.357537023487054739e+02
1.359622408998354786e+02
1.360998138408730256e+02
1.361107342455393336e+02
1.361696945480182421e+02
1.359818932359152086e+02
1.361806105603649257e+02
1.362766969444695633e+02
1.362417571399369081e+02
1.361314813672854598e+02
1.359109298219825632e+02
1.359556941474352243e+02
1.366097050491174514e+02
1.368291629068338580e+02
1.369165096729657307e+02
1.371370590221088150e+02
1.373980122213973800e+02
1.376054636734203314e+02
1.374427809391696655e+02
1.376207478476335382e+02
1.383773918858206571e+02
1.379362942856143945e+02
1.376840752138990638e+02
1.374711630105030054e+02
1.376545983568993279e+02
1.376818889368059899e+02
1.378161830112438793e+02
1.379570359169609901e+02
1.382605616742096117e+02
1.384057794475535275e+02
1.384429044310993504e+02
1.385859315350305678e+02
1.389244047833711875e+02
1.388588911400125880e+02
1.389811777106771160e+02
1.387988448365065324e+02
1.387901063166136737e+02
1.388294142830128521e+02
1.388315983639461137e+02
1.392552299051657201e+02
1.393349351332309425e+02
1.394080881184963800e+02
1.397301802107975846e+02
1.396952426024247416e+02
1.394899730351752396e+02
1.393829750310435429e+02
1.394168222460696143e+02
1.389866340697305986e+02
1.400620957259388888e+02
1.399125185753676988e+02
1.401963952907763087e+02
1.398393655901022612e+02
1.392257519500860781e+02
1.392301179157927891e+02
1.389920970172635180e+02
1.386884943944214683e+02
1.374324282418148186e+02
1.377546663787435364e+02
1.380023657535653001e+02
1.379102983419170414e+02
1.377919308184374358e+02
1.371441646971812816e+02
1.375288758942085678e+02
1.371101933991258193e+02
1.367682249624440374e+02
1.366925958069903118e+02
1.366114905270447935e+02
1.365183261335703264e+02
1.366191639094287211e+02
1.362651385553778027e+02
1.360711385822047532e+02
1.367660342930313391e+02
1.370838812084155052e+02
1.373776230737006472e+02
1.379179717243009691e+02
1.381843110055290254e+02
1.384287293175913192e+02
1.383607768387612396e+02
1.383563900095363124e+02
1.382018517339492973e+02
1.383278904436530183e+02
1.388276902975602525e+02
1.387641180594756634e+02
1.389383932232951793e+02
1.388638610496676620e+02
1.388419378843420873e+02
1.385120329535088786e+02
1.389756587610689849e+02
1.389690856547509838e+02
1.387695985762870805e+02
1.391674658686695238e+02
1.392967966219317759e+02
1.394809358375479178e+02
1.394612022435551353e+02
1.389997693015675395e+02
1.391334868840547188e+02
1.393515952015665107e+02
1.391893868378352863e+02
1.393592718781901567e+02
1.395686197142109677e+02
1.394907987912646377e+02
1.393647545911613861e+02
1.396179322866347547e+02
1.392814520533237328e+02
1.397889263876948007e+02
1.399664826142737866e+02
1.399478460021072124e+02
1.397670032223692260e+02
1.398459134405824216e+02
1.400585434374426086e+02
1.399599029194763489e+02
1.404268163782753618e+02
1.399215414979562411e+02
1.394381853906430706e+02
1.382676080529671481e+02
1.386687640946684041e+02
1.388923584193911438e+02
1.393735216611318037e+02
1.391897865389211120e+02
1.391336746557186643e+02
1.400677497393754720e+02
1.393834219495653315e+02
1.392723061457857057e+02
1.397959980222901777e+02
1.402195790518341028e+02
1.402206804259799355e+02
1.404715257997327171e+02
1.404517285171053800e+02
1.393713222070798565e+02
1.397948999423840633e+02
1.395385531883016483e+02
1.396892833227742585e+02
1.400721486474793664e+02
1.400424444879390649e+02
1.397079847216552935e+02
1.400919569109057647e+02
1.405419390756323992e+02
1.405397396215804520e+02
1.406398592531802478e+02
1.409182093324213838e+02
1.416762556186486108e+02
1.416212462076719021e+02
1.411437571412971010e+02
1.412702823003992307e+02
1.413582934048743027e+02
1.415860417658818733e+02
1.413869049749080204e+02
1.410315355710520180e+02
1.411404552150194149e+02
1.410260319945625724e+02
1.413945992208101643e+02
1.412691787300935857e+02
1.411514568775987755e+02
1.417180628149141057e+02
1.417862766367618406e+02
1.411668607425217488e+02
1.413714967176654227e+02
1.420525313658371260e+02
1.420580228634476043e+02
1.417653713915092339e+02
1.420547308198890732e+02
1.423913878440649796e+02
1.430647205597751963e+02
1.430273111735336897e+02
1.429668025783871599e+02
1.428622763521241268e+02
1.429624014741234532e+02
1.430867238849339174e+02
1.435378085218862907e+02
1.434772977305799486e+02
1.438315646622102122e+02
1.438755713125276543e+02
1.442056343668673435e+02
1.444773893781923562e+02
1.438436633066157810e+02
1.438403602822581888e+02
1.444454747838010462e+02
1.452222279593088388e+02
1.454070567691060205e+02
1.453663553393059829e+02
1.453784539837115517e+02
1.457050932249039761e+02
1.457834390300454288e+02
1.460107701206886759e+02
1.459842800410335713e+02
1.462612597165518764e+02
1.460593250179772440e+02
1.464036169917403640e+02
1.465514932165369828e+02
1.464621095121792678e+02
1.461200136982283766e+02
1.459898077752809513e+02
1.459644245601712100e+02
1.464709292899851789e+02
1.462414130203287641e+02
1.466331486345154644e+02
1.465680368884025029e+02
1.462270501351567873e+02
1.457073025616750783e+02
1.459600102789486300e+02
1.463837461377593172e+02
1.469498546448771776e+02
1.465316223625559360e+02
1.467037727417571205e+02
1.469564760667110477e+02
1.470326103389215859e+02
1.474398091143461897e+02
1.479595654724671476e+02
1.480202629373575292e+02
1.479463160403199709e+02
1.479772225973574677e+02
1.479132199119496818e+02
1.484164282058854951e+02
1.484462147214187553e+02
1.490685976275651683e+02
1.490564572561231671e+02
1.492462647602146717e+02
1.494813109602782788e+02
1.502206613380240015e+02
1.498984429665335938e+02
1.501599770500924933e+02
1.500043747350764534e+02
1.505340599317084980e+02
1.512447196776672627e+02
1.513219695990624132e+02
1.520535894942690902e+02
1.515812899535305860e+02
1.514334159248937794e+02
1.518637951671364590e+02
1.522489225364481626e+02
1.520105645273877144e+02
1.521352558930466330e+02
1.523040966594107886e+02
1.522025681912914479e+02
1.511696812892030266e+02
1.521341578131405186e+02
1.528679870451182978e+02
1.528161115541936397e+02
1.512314768339995226e+02
1.511376744560996030e+02
1.522621565954766538e+02
1.525490782864649191e+02
1.529639877789902584e+02
1.524761877422970429e+02
1.526443213452016607e+02
1.524297213929899044e+02
1.532692891314470671e+02
1.530115478158838869e+02
1.530204049284066059e+02
1.523622531673984213e+02
1.528732863787452061e+02
1.525060555157433555e+02
1.517041079948696733e+02
1.500592919073410485e+02
1.489421076070200343e+02
1.494476021033203779e+02
1.473315779664799265e+02
1.473138725260737374e+02
1.501289782543428828e+02
1.490792643757731639e+02
1.505636861275754654e+02
1.494774676806068783e+02
1.490471872655557490e+02
1.465185639963124231e+02
1.486390155913343278e+02
1.475428375596172827e+02
1.445341710901375336e+02
1.478238054613545955e+02
1.438682800619510544e+02
1.450463111660296818e+02
1.443616166175308990e+02
1.441525553803655839e+02
1.424336331742130142e+02
1.418949404281111129e+02
1.443848453998648438e+02
1.442344128450467906e+02
1.456635287042977325e+02
1.444799698659717251e+02
1.452620026096681158e+02
1.452044851841858417e+02
1.437244843020855569e+02
1.441691495639067853e+02
1.437797901946369166e+02
1.461093052229839486e+02
1.457730358210149006e+02
1.465075085278176630e+02
1.467198881624592559e+02
1.473017079968738017e+02
1.488281730321214127e+02
1.485383568025006298e+02
1.487883478700864543e+02
1.483580652588755129e+02
1.477087618257507984e+02
1.467619226612653165e+02
1.476169601494398194e+02
1.474985937240401199e+02
1.483768731715074409e+02
1.483989906969763979e+02
1.478912692946264542e+02
1.489033849172108148e+02
1.495748058758044863e+02
1.490516081352577658e+02
1.495040148604171009e+02
1.499907058364051409e+02
1.503302958320102789e+02
1.506742935203585603e+02
1.514739855851050834e+02
1.520152401516279497e+02
1.516159475515273698e+02
1.511989187647832296e+02
1.514085444150202875e+02
1.512055709328544708e+02
1.520096816711431984e+02
1.518078326228012429e+02
1.524832791423307299e+02
1.522193117136998808e+02
1.524455732745145724e+02
1.522060073775573983e+02
1.523590577548716283e+02
1.523745889970637108e+02
1.523402015267238312e+02
1.527738728125250418e+02
1.529391316422354521e+02
1.531365510362361420e+02
1.528260008618281063e+02
1.538441712970147819e+02
1.540615647645076933e+02
1.552294693756921333e+02
1.562110473960874515e+02
1.543321975381686570e+02
1.546538383196284485e+02
1.551185611090147631e+02
1.561267587824941074e+02
1.560724082194610673e+02
1.560879372654933377e+02
1.558649984944745484e+02
1.568798549245045706e+02
1.577294415440251214e+02
1.570118353445802768e+02
1.575420036963710118e+02
1.562986763687551957e+02
1.572025981781901010e+02
1.575375564727512483e+02
1.574610312840941333e+02
1.574610312840941333e+02
1.585413222957295147e+02
1.584126668616095230e+02
1.593753776730579830e+02
1.595572724133460270e+02
1.596315904613918519e+02
1.594352779319365254e+02
1.601362438284841119e+02
1.604323784098846772e+02
1.598988894644578522e+02
1.598123695524952836e+02
1.607129839452529723e+02
1.601107354322650735e+02
1.602316252452890240e+02
1.582673667322726487e+02
1.581653309512366832e+02
1.591391367620565234e+02
1.584481590003349538e+02
1.592411791315719256e+02
1.597513734098704390e+02
1.642189268810157046e+02
1.654067989772129295e+02
1.657295554078573332e+02
1.659059070407793115e+02
1.676095253072803644e+02
1.664606174784717041e+02
1.671784059591809637e+02
1.656883905883369152e+02
1.673039604156460882e+02
1.681928604919653480e+02
1.681473077451400968e+02
1.680139657059808087e+02
1.684384219052099070e+02
1.685028660187399510e+02
1.696439906571740721e+02
1.723529098623621394e+02
1.730140286352766452e+02
1.725551322578721738e+02
1.733095834304867822e+02
1.726373652658812716e+02
1.725473534598172591e+02
1.744284873239407716e+02
1.767129635068586140e+02
1.754773820349005291e+02
1.708017797562633859e+02
1.708373399759429958e+02
1.672195136785462637e+02
1.692195388502645983e+02
1.675172909874863763e+02
1.668550653500265071e+02
1.683484188837851434e+02
1.684284205934250167e+02
1.669128419223666242e+02
1.661172698534278425e+02
1.645617035045083867e+02
1.660017254933868571e+02
1.667706142206070581e+02
1.646861642733870212e+02
1.651750470168676657e+02
1.669795173342658927e+02
1.681706441393048408e+02
1.677839662811657035e+02
1.685484187655652022e+02
1.689839875334441786e+02
1.673084098354256639e+02
1.688550861294252172e+02
1.673706226505864834e+02
1.682239712918653822e+02
1.681750935590844165e+02
1.690639848507644274e+02
1.723662537293812420e+02
1.708995659680626886e+02
1.709395624305630008e+02
1.707262318587227128e+02
1.699751012797441945e+02
1.686239842323843732e+02
1.693039855873644228e+02
1.690195477531237884e+02
1.685217573854447437e+02
1.682061911820255773e+02
1.682106406018051530e+02
1.688995320117051051e+02
1.664995114687462774e+02
1.683306387739453385e+02
1.654594936357475490e+02
1.654194883886079879e+02
1.661617201280273548e+02
1.681661903272056406e+02
1.699795550918433946e+02
1.699194549824219393e+02
1.688642880390384562e+02
1.687084573234019444e+02
1.702756193961299687e+02
1.701509565805486091e+02
1.701732212487249853e+02
1.706362420142568226e+02
1.702311032367360895e+02
1.696255956225868431e+02
1.698971815296063141e+02
1.693184011803718931e+02
1.677645961516218449e+02
1.683522841250546662e+02
1.687351758036775209e+02
1.689844926502009912e+02
1.700797219408791534e+02
1.717136648411774331e+02
1.718739537612327695e+02
1.718116223534420897e+02
1.715044191265878908e+02
1.721722405792493191e+02
1.724527209335083171e+02
1.712951558427198506e+02
1.719451840085826007e+02
1.715756493739377220e+02
1.712951558427198506e+02
1.740109841666771899e+02
1.739798206589416623e+02
1.743760562045836195e+02
1.734678255295971212e+02
1.741668060976744528e+02
1.757918413737743322e+02
1.753822487841543989e+02
1.758319212903475091e+02
1.779333519452356995e+02
1.771230612132353599e+02
1.766110572992515699e+02
1.761524683842208105e+02
1.746921802325950921e+02
1.754045046676915263e+02
1.734411026570019203e+02
1.753644511050360961e+02
1.758675342178626124e+02
1.745007234124846036e+02
1.744205855409363721e+02
1.753510764917796223e+02
1.744695555124294515e+02
1.736815206639662392e+02
1.739887194985008136e+02
1.758586485552623344e+02
1.780134854244643066e+02
1.789929507391202606e+02
1.807070359032863962e+02
1.808138966474298286e+02
1.803241530093027905e+02
1.781114341520897142e+02
1.758274674782483089e+02
1.767980383456647360e+02
1.771764806045080149e+02
1.767089972422377286e+02
1.782449914149106007e+02
1.780554891770329959e+02
1.781223798125938629e+02
1.777210623531464080e+02
1.774446361099007845e+02
1.773287052257328469e+02
1.774357109164238864e+02
1.764636993681706372e+02
1.754158719908796229e+02
1.749120246144384510e+02
1.749833734544181425e+02
1.732578067667536743e+02
1.731953831202508809e+02
1.729679795563338303e+02
1.710239344982292096e+02
1.711443279791355963e+02
1.740559307733942660e+02
1.728654276777419909e+02
1.715010282558378094e+02
1.706404718180551754e+02
1.712156636421564144e+02
1.689595047438574511e+02
1.710685253270567046e+02
1.705735987517728063e+02
1.714564374270103144e+02
1.710417717082241325e+02
1.723615759089811945e+02
1.730660776228264695e+02
1.727049147493858072e+02
1.708188307410455309e+02
1.705780525638720064e+02
1.720940528976143469e+02
1.717150615988180107e+02
1.706226390003798770e+02
1.708455799675584785e+02
1.711220325647218488e+02
1.712022890288999406e+02
1.705379287241025850e+02
1.715411608802464798e+02
1.719201521790428160e+02
1.732132159379261793e+02
1.733514422365078644e+02
1.741049754143209611e+02
1.752018562171779195e+02
1.763789803072540963e+02
1.755942221292307295e+02
1.770165738162600064e+02
1.759464817707926159e+02
1.770478032087899010e+02
1.768961979046321176e+02
1.771993865513495621e+02
1.764280293405004159e+02
1.766019168821130734e+02
1.759063491463839455e+02
1.769675379599725602e+02
1.771459056676021646e+02
1.769987585678632058e+02
1.766375825174636702e+02
1.765930004732754242e+02
1.756923201957233687e+02
1.761738809423900420e+02
1.740826799999072136e+02
1.741941614642955756e+02
1.749253992276949248e+02
1.752335863341450022e+02
1.737328712726957747e+02
1.733130401860312304e+02
1.719105900992203715e+02
1.728931915300881883e+02
1.740008598699428148e+02
1.734738298305237549e+02
1.728395920537109305e+02
1.727681421903798764e+02
1.739383308077690344e+02
1.730986510651614481e+02
1.738445416068279883e+02
1.737552150026253912e+02
1.737328712726957747e+02
1.730316550139295941e+02
1.727324018855956638e+02
1.725850088159577354e+02
1.729333900392912255e+02
1.722544999411761637e+02
1.733041018155954589e+02
1.733085688046535324e+02
1.736837475700158393e+02
1.738579337893629599e+02
1.734023623979142030e+02
1.739561943716817041e+02
1.753541862540737384e+02
1.749790074887114315e+02
1.752067843997965610e+02
1.759392695819692563e+02
1.753452434913183424e+02
1.761670596700132592e+02
1.769174084160986240e+02
1.767923546840706877e+02
1.766628339629846778e+02
1.765288330758817210e+02
1.772747192252286368e+02
1.779670234674767926e+02
1.782483998549391799e+02
1.783868501618217124e+02
1.795883208795762584e+02
1.805084020329095438e+02
1.816473217268921871e+02
1.810533000285608978e+02
1.818885127821104106e+02
1.816160615881249214e+02
1.821252280636313117e+02
1.836929347839927686e+02
1.833936860479784627e+02
1.824602039274709568e+02
1.807004474238497096e+02
1.823530181516753146e+02
1.820180247185571716e+02
1.826433241249342245e+02
1.834294175681234265e+02
1.836214673513832167e+02
1.826299319423992529e+02
1.818304287473965815e+02
1.821252280636313117e+02
1.822234842536304313e+02
1.820716373718933028e+02
1.828934403736293461e+02
1.827103245684857029e+02
1.827594526634852627e+02
1.824463461590557927e+02
1.824239628982495560e+02
1.822047993259479881e+02
1.823210859880055068e+02
1.836764372314833054e+02
1.837703713789719586e+02
1.846739286258780339e+02
1.842579408188848902e+02
1.825447516879221439e+02
1.826968357549189932e+02
1.833633175500949619e+02
1.840432266663628980e+02
1.840029622723654938e+02
1.834393705643924477e+02
1.830725679525539817e+02
1.835467144636945704e+02
1.855685475023483377e+02
1.849915284732833243e+02
1.852957097842358962e+02
1.858056229540784443e+02
1.860963725516194245e+02
1.871654411866143164e+02
1.864586818204820702e+02
1.859934912490557508e+02
1.837122170671441381e+02
1.839716669950412324e+02
1.833320003111725782e+02
1.837390585323691994e+02
1.836316926714689544e+02
1.824105487541164621e+02
1.810149462936001328e+02
1.812341318274998230e+02
1.823166233912670577e+02
1.827549856744271892e+02
1.827952281068264710e+02
1.821019048464254411e+02
1.805542183189122625e+02
1.809657567061258305e+02
1.803708214053126540e+02
1.808852279181310223e+02
1.793151844837293538e+02
1.801963804314273148e+02
1.805944783205900421e+02
1.811715061342943045e+02
1.809970563757697164e+02
1.809568051587311857e+02
1.803753015713296008e+02
1.801069176653163595e+02
1.813817401207993498e+02
1.818648381793345834e+02
1.826297430726554012e+02
1.836182917042947338e+02
1.838419354426132486e+02
1.839403409714795998e+02
1.835869656807331012e+02
1.835645999892053624e+02
1.838687725155186854e+02
1.836585429213332645e+02
1.853225380725020841e+02
1.840834822757210532e+02
1.837077544704056891e+02
1.841818965892266533e+02
1.848394487986060994e+02
1.846023821315152418e+02
1.848442671732341296e+02
1.844679771510068349e+02
1.846337301166749967e+02
1.833391070843249508e+02
1.833167018619205919e+02
1.842663828572030980e+02
1.842708586309004204e+02
1.847188357017184899e+02
1.858342520933906599e+02
1.877963364081929285e+02
1.889968583849085917e+02
1.892074130107462224e+02
1.893821131314894046e+02
1.896195399687894678e+02
1.873214827335928021e+02
1.888580039846206091e+02
1.911246693114612754e+02
1.908872556511200855e+02
1.904348115912439425e+02
1.895747339163003744e+02
1.911336340358147936e+02
1.937586818977738403e+02
1.955057358130411558e+02
1.952728023187169129e+02
1.974633267848676041e+02
1.958013960239222797e+02
1.951697672849663832e+02
1.973961462562115230e+02
1.942424871197686116e+02
1.937407612337060527e+02
1.931181103960625478e+02
1.945694997081291149e+02
1.957566075407116841e+02
1.960432854579607920e+02
1.978575286865234375e+02
1.973916485209160783e+02
