3.329644218087196350e+01
1.983270230889320374e+01
3.894375854730606079e+01
2.768541467189788818e+01
1.664452612400054932e+01
1.682162678241729736e+01
1.649101614952087402e+01
1.346735686063766479e+01
1.244185435771942139e+01
1.217284971475601196e+01
1.352295851707458496e+01
2.036752349138259888e+01
1.669419664144515991e+01
1.383924758434295654e+01
1.937304568290710449e+01
1.244264608621597290e+01
1.757890260219573975e+01
1.336326366662979126e+01
1.521184134483337402e+01
1.185627037286758423e+01
2.655902081727981567e+01
1.173132431507110596e+01
1.673068338632583618e+01
1.206874072551727295e+01
1.203178822994232178e+01
1.247891461849212646e+01
1.275693887472152710e+01
1.706639552116394043e+01
1.304847657680511475e+01
1.306806820631027222e+01
1.259601795673370361e+01
1.274223065376281738e+01
1.688052797317504883e+01
1.353804004192352295e+01
1.250582748651504517e+01
1.305660891532897949e+01
1.234558653831481934e+01
1.275325661897659302e+01
1.248130422830581665e+01
1.236394602060317993e+01
1.279667609930038452e+01
1.258255958557128906e+01
2.110792392492294312e+01
1.333792364597320557e+01
1.289407569169998169e+01
1.260601234436035156e+01
1.236234003305435181e+01
1.240496575832366943e+01
1.225455856323242188e+01
1.223715347051620483e+01
1.222773700952529907e+01
1.270540577173233032e+01
2.671971940994262695e+01
1.247739054635167122e+01
1.254365944862365723e+01
1.226999658346176147e+01
1.214884299039840698e+01
1.236174076795578003e+01
1.238156878948211670e+01
1.214304625988006592e+01
1.219621950387954712e+01
1.204859942197799683e+01
1.270151114463806152e+01
4.716521829366683960e+01
1.540528345108032227e+01
1.433618509769439697e+01
2.317527449131011963e+01
1.412329448759555817e+01
1.357392168045043945e+01
1.151018631458282471e+01
1.616499656438827515e+01
1.623098975419998169e+01
1.342966538667678833e+01
1.249438041448593140e+01
1.229887437820434570e+01
1.370167052745819092e+01
1.855724304914474487e+01
1.981785494089126587e+01
1.493019419908523560e+01
1.255883854627609253e+01
1.407283979654312134e+01
1.206143224239349365e+01
1.202794301509857178e+01
1.218284195661544800e+01
1.158004373311996460e+01
1.179566901922225952e+01
1.749083989858627319e+01
1.296290898323059082e+01
1.279365420341491699e+01
1.251352435350418091e+01
1.170554637908935547e+01
1.159828180074691772e+01
1.188969349861145020e+01
1.122562748193740845e+01
1.125226485729217529e+01
1.140104907751083374e+01
1.090524703264236450e+01
1.161154597997665405e+01
1.265559154748916626e+01
1.370802899170666933e+01
