2.114350938796997070e+01
2.716094774752855301e+01
2.827215482294559479e+01
1.929044612729921937e+01
2.509711988270282745e+01
2.140311214327812195e+01
2.255256915092468262e+01
2.241232851147651672e+01
2.096936836838722229e+01
5.054692739248275757e+01
2.075938144326210022e+01
2.087611311115324497e+01
2.616309666633605957e+01
2.301778468489646912e+01
2.045270812511444092e+01
2.833807104825973511e+01
1.988624687492847443e+01
2.325478735566139221e+01
2.142578572034835815e+01
2.243367010354995728e+01
1.941240002308040857e+01
3.387606304883956909e+01
1.943651267886161804e+01
2.296307283639907837e+01
2.038357961177825928e+01
2.006528091430664062e+01
2.141837662458419800e+01
2.027975866198539734e+01
2.802310568094253540e+01
2.058913448452949524e+01
2.069649523496627808e+01
2.043363130092620850e+01
2.032364326715469360e+01
2.504591885209083557e+01
2.089856797456741333e+01
2.013193300366401672e+01
2.077706670761108398e+01
2.003407233953475952e+01
2.024870032072067261e+01
2.047891777753829956e+01
2.007936096191406250e+01
2.002593636512756348e+01
1.957428622618317604e+01
4.005272060632705688e+01
2.091485545039176941e+01
2.061512017250061035e+01
2.045105129480361938e+01
2.012366908788681030e+01
2.008049327135086060e+01
2.067607057094573975e+01
2.044583052396774292e+01
1.978989470005035400e+01
1.999008064004010521e+01
3.616158628463745117e+01
2.055137252807617188e+01
2.071599221229553223e+01
2.047159630060195923e+01
2.283561539649963379e+01
2.055507785081863403e+01
2.188423919677734375e+01
2.092931205034255981e+01
2.166096711158752441e+01
2.098456746339797974e+01
2.089527240395545959e+01
5.343672168254852295e+01
2.269537377357482910e+01
1.987574763502925634e+01
3.297871690988540649e+01
2.246440285444259644e+01
2.112333858013153076e+01
2.077369573712348938e+01
2.124026222527027130e+01
2.498588109016418457e+01
2.152859872579574585e+01
2.150333166122436523e+01
2.099582013487815857e+01
2.344191482663154602e+01
2.817850430309772491e+01
2.723973961174488068e+01
2.392494022846221924e+01
2.159287577867507935e+01
2.283186638355255127e+01
2.172489309310913086e+01
2.153618687391281128e+01
2.212564039230346680e+01
2.160997211933135986e+01
2.165439820289611816e+01
2.926582807302474976e+01
2.195751994848251343e+01
2.212899255752563477e+01
2.268925362825393677e+01
2.208661890029907227e+01
2.199298697710037231e+01
2.176833838224411011e+01
2.183415180444717407e+01
2.195751702785491943e+01
2.280483722686767578e+01
2.201580023765563965e+01
2.165196740627288818e+01
2.774183070659637451e+01
