1.405865173339843750e+02
1.408175506591796875e+02
1.404378814697265625e+02
1.396534576416015625e+02
1.427286987304687500e+02
1.397290191650390625e+02
1.417510681152343750e+02
1.386987152099609375e+02
1.408088836669921875e+02
1.407324981689453125e+02
1.423315582275390625e+02
1.410300140380859375e+02
1.406450653076171875e+02
1.418395690917968750e+02
1.410730438232421875e+02
1.417589111328125000e+02
1.402614440917968750e+02
1.400673675537109375e+02
1.395349578857421875e+02
1.393002471923828125e+02
1.395050811767578125e+02
1.388941040039062500e+02
1.392835388183593750e+02
1.383918762207031250e+02
1.398116149902343750e+02
1.401739807128906250e+02
1.395233612060546875e+02
1.390802307128906250e+02
1.392256469726562500e+02
1.385368957519531250e+02
1.385514984130859375e+02
1.400781402587890625e+02
1.380749511718750000e+02
1.379616394042968750e+02
1.394443359375000000e+02
1.393652038574218750e+02
1.380012054443359375e+02
1.399819335937500000e+02
1.395041961669921875e+02
1.403748321533203125e+02
1.392890777587890625e+02
1.398842468261718750e+02
1.387053680419921875e+02
1.395747528076171875e+02
1.407763977050781250e+02
1.391960296630859375e+02
1.404953155517578125e+02
1.402879943847656250e+02
1.392705230712890625e+02
1.412727355957031250e+02
1.403989410400390625e+02
1.406386871337890625e+02
1.406526794433593750e+02
1.384680328369140625e+02
1.398249511718750000e+02
1.401855773925781250e+02
1.396773529052734375e+02
1.400263977050781250e+02
1.392102966308593750e+02
1.393754425048828125e+02
1.394235534667968750e+02
1.395452270507812500e+02
1.389602966308593750e+02
1.399226074218750000e+02
1.387467498779296875e+02
1.382952880859375000e+02
1.387000427246093750e+02
1.385105285644531250e+02
1.372659912109375000e+02
1.368059844970703125e+02
1.380405731201171875e+02
1.374368286132812500e+02
1.387736816406250000e+02
1.388867492675781250e+02
1.397094268798828125e+02
1.389079589843750000e+02
1.387251281738281250e+02
1.397918701171875000e+02
1.366116333007812500e+02
1.371739807128906250e+02
1.387576293945312500e+02
1.388258361816406250e+02
1.368216400146484375e+02
1.387477569580078125e+02
1.384674224853515625e+02
1.380966949462890625e+02
1.384181060791015625e+02
1.380624084472656250e+02
1.387617950439453125e+02
1.381389465332031250e+02
1.380792999267578125e+02
1.382837524414062500e+02
1.384293365478515625e+02
1.377853393554687500e+02
1.376797332763671875e+02
1.384489898681640625e+02
1.388163299560546875e+02
1.388713836669921875e+02
1.385866088867187500e+02
1.388579559326171875e+02
1.397290802001953125e+02
1.386688842773437500e+02
1.390342407226562500e+02
1.384374389648437500e+02
1.383292999267578125e+02
1.381608123779296875e+02
1.388159637451171875e+02
1.388063812255859375e+02
1.387907714843750000e+02
1.389152374267578125e+02
1.387797698974609375e+02
1.386416168212890625e+02
1.383978424072265625e+02
1.384558105468750000e+02
1.398789672851562500e+02
1.397530822753906250e+02
1.378918457031250000e+02
1.395731964111328125e+02
1.392110595703125000e+02
1.386500701904296875e+02
1.381965332031250000e+02
1.404788208007812500e+02
1.379586029052734375e+02
1.383262634277343750e+02
1.389706268310546875e+02
1.376982421875000000e+02
1.381625061035156250e+02
1.395503082275390625e+02
1.383259735107421875e+02
1.398714752197265625e+02
1.388609771728515625e+02
1.384433441162109375e+02
1.398376159667968750e+02
1.393719940185546875e+02
1.395091400146484375e+02
1.389619903564453125e+02
1.386964721679687500e+02
1.396511840820312500e+02
1.391748962402343750e+02
1.394596252441406250e+02
1.382086181640625000e+02
1.377737579345703125e+02
1.370980377197265625e+02
1.374827575683593750e+02
1.373665924072265625e+02
1.375028991699218750e+02
1.383944702148437500e+02
1.383611755371093750e+02
1.383980560302734375e+02
1.394123077392578125e+02
1.387298583984375000e+02
1.386199340820312500e+02
1.377315979003906250e+02
1.368999938964843750e+02
1.385648803710937500e+02
1.379541015625000000e+02
1.369535675048828125e+02
1.371901397705078125e+02
1.384119110107421875e+02
1.368054199218750000e+02
1.372811737060546875e+02
1.373798065185546875e+02
1.363650665283203125e+02
1.379267883300781250e+02
1.370960235595703125e+02
1.377479858398437500e+02
1.385076293945312500e+02
1.382142181396484375e+02
1.379584503173828125e+02
1.381114349365234375e+02
1.370038604736328125e+02
1.363231964111328125e+02
1.368411865234375000e+02
1.368659515380859375e+02
1.384066314697265625e+02
1.381674804687500000e+02
1.352657928466796875e+02
1.370076904296875000e+02
1.363071899414062500e+02
1.371050872802734375e+02
1.359407348632812500e+02
1.373546905517578125e+02
1.365557250976562500e+02
1.361403808593750000e+02
1.370713348388671875e+02
1.369705200195312500e+02
1.362252655029296875e+02
1.377066955566406250e+02
1.375574035644531250e+02
1.374365386962890625e+02
1.375326080322265625e+02
1.368254241943359375e+02
1.371604309082031250e+02
1.378002014160156250e+02
1.352396545410156250e+02
1.361941375732421875e+02
1.384532012939453125e+02
1.371832733154296875e+02
1.375260772705078125e+02
1.363759613037109375e+02
1.373649749755859375e+02
1.362313842773437500e+02
1.353101043701171875e+02
1.347293548583984375e+02
1.344366760253906250e+02
1.363740997314453125e+02
1.361749114990234375e+02
1.358235778808593750e+02
1.341994781494140625e+02
1.343829345703125000e+02
1.344033660888671875e+02
1.346274108886718750e+02
1.335377197265625000e+02
1.348391723632812500e+02
1.341791534423828125e+02
1.342650604248046875e+02
1.341233978271484375e+02
1.340334014892578125e+02
1.327501068115234375e+02
1.324934539794921875e+02
1.311945190429687500e+02
1.321998596191406250e+02
1.316400451660156250e+02
1.322741241455078125e+02
1.310244598388671875e+02
1.318986358642578125e+02
1.302402191162109375e+02
1.302126770019531250e+02
1.309269714355468750e+02
1.303326416015625000e+02
1.297855072021484375e+02
1.307605285644531250e+02
1.308179473876953125e+02
1.304896240234375000e+02
1.300538330078125000e+02
1.320494995117187500e+02
1.321822509765625000e+02
1.331201171875000000e+02
1.312350921630859375e+02
1.342851257324218750e+02
1.343013610839843750e+02
1.337974395751953125e+02
1.337434234619140625e+02
1.317860565185546875e+02
1.323559722900390625e+02
1.321627502441406250e+02
1.325391845703125000e+02
1.318806304931640625e+02
1.311318359375000000e+02
1.312802124023437500e+02
1.320062561035156250e+02
1.334994659423828125e+02
1.327228698730468750e+02
1.339697265625000000e+02
1.345839385986328125e+02
1.330407714843750000e+02
1.314462585449218750e+02
1.329234008789062500e+02
1.328622894287109375e+02
1.333901977539062500e+02
1.324885406494140625e+02
1.352796478271484375e+02
1.349806518554687500e+02
1.336835784912109375e+02
1.328470458984375000e+02
1.329031372070312500e+02
1.317239074707031250e+02
1.320084228515625000e+02
1.331322631835937500e+02
1.312080535888671875e+02
1.305608062744140625e+02
1.297176971435546875e+02
1.295071411132812500e+02
1.293166046142578125e+02
1.255817642211914062e+02
1.262206649780273438e+02
1.267527160644531250e+02
1.272442321777343750e+02
1.265376281738281250e+02
1.253086242675781250e+02
1.243118362426757812e+02
1.248497695922851562e+02
1.246290664672851562e+02
1.224321746826171875e+02
1.246022644042968750e+02
1.246992187500000000e+02
1.219105072021484375e+02
1.231596298217773438e+02
1.243096237182617188e+02
1.234378509521484375e+02
1.232905044555664062e+02
1.231348571777343750e+02
1.226342697143554688e+02
1.239965972900390625e+02
1.253231277465820312e+02
1.253610000610351562e+02
1.241548767089843750e+02
1.255138168334960938e+02
1.260616302490234375e+02
1.251090927124023438e+02
1.268821487426757812e+02
1.247730484008789062e+02
1.241249847412109375e+02
1.245661468505859375e+02
1.240858154296875000e+02
1.242111587524414062e+02
1.248242874145507812e+02
1.237347717285156250e+02
1.251864700317382812e+02
1.253115768432617188e+02
1.252501220703125000e+02
1.247898025512695312e+02
1.259821243286132812e+02
1.251173248291015625e+02
1.254948196411132812e+02
1.254941787719726562e+02
1.248414001464843750e+02
1.271329345703125000e+02
1.233858184814453125e+02
1.235771942138671875e+02
1.242794418334960938e+02
1.249508056640625000e+02
1.242634506225585938e+02
1.252975997924804688e+02
1.249165878295898438e+02
1.254582824707031250e+02
1.254302291870117188e+02
1.252465133666992188e+02
1.236985855102539062e+02
1.240277481079101562e+02
1.236982879638671875e+02
1.239182434082031250e+02
1.242012557983398438e+02
1.265174255371093750e+02
1.245586929321289062e+02
1.247164688110351562e+02
1.260022659301757812e+02
1.250422134399414062e+02
1.257144622802734375e+02
1.244582366943359375e+02
1.252075271606445312e+02
1.268199539184570312e+02
1.266101913452148438e+02
1.257697906494140625e+02
1.247337417602539062e+02
1.246293640136718750e+02
1.234283447265625000e+02
1.255758743286132812e+02
1.231490325927734375e+02
1.232312545776367188e+02
1.254401016235351562e+02
1.246759338378906250e+02
1.240715713500976562e+02
1.255660934448242188e+02
1.248103332519531250e+02
1.247105407714843750e+02
1.245798873901367188e+02
1.263703765869140625e+02
1.263512954711914062e+02
1.267612075805664062e+02
1.263409805297851562e+02
1.252679290771484375e+02
1.251862487792968750e+02
1.267483291625976562e+02
1.263574447631835938e+02
1.263998718261718750e+02
1.263079605102539062e+02
1.264659347534179688e+02
1.265777511596679688e+02
1.269095382690429688e+02
1.263457260131835938e+02
1.271408309936523438e+02
1.270742721557617188e+02
1.270151901245117188e+02
1.266567001342773438e+02
1.288639373779296875e+02
1.264769515991210938e+02
1.274110717773437500e+02
1.267536315917968750e+02
1.277603988647460938e+02
1.270885543823242188e+02
1.291973114013671875e+02
1.274035720825195312e+02
1.259730300903320312e+02
1.256963043212890625e+02
1.255574493408203125e+02
1.246279144287109375e+02
1.249153213500976562e+02
1.253104400634765625e+02
1.244711837768554688e+02
1.277161331176757812e+02
1.270640182495117188e+02
1.273906707763671875e+02
1.271965255737304688e+02
1.271758499145507812e+02
1.279349899291992188e+02
1.274640731811523438e+02
1.277189559936523438e+02
1.290571441650390625e+02
1.299187164306640625e+02
1.286580810546875000e+02
1.290527954101562500e+02
1.302446289062500000e+02
1.285253295898437500e+02
1.302196960449218750e+02
1.300353698730468750e+02
1.306033325195312500e+02
1.296399230957031250e+02
1.292021026611328125e+02
1.287201843261718750e+02
1.301867065429687500e+02
1.298287658691406250e+02
1.344573059082031250e+02
1.374483642578125000e+02
1.350868988037109375e+02
1.325665283203125000e+02
1.316581573486328125e+02
1.309645080566406250e+02
1.311055755615234375e+02
1.328936157226562500e+02
1.314165039062500000e+02
1.310399322509765625e+02
1.323137054443359375e+02
1.317182312011718750e+02
1.311552124023437500e+02
1.303655548095703125e+02
1.322372741699218750e+02
1.287087860107421875e+02
1.306959533691406250e+02
1.298855743408203125e+02
1.304273376464843750e+02
1.310019531250000000e+02
1.297892456054687500e+02
1.301130676269531250e+02
1.301089477539062500e+02
1.302310333251953125e+02
1.300058288574218750e+02
1.306010589599609375e+02
1.307587890625000000e+02
1.310339965820312500e+02
1.310130462646484375e+02
1.303860015869140625e+02
1.303750457763671875e+02
1.309267578125000000e+02
1.300773773193359375e+02
1.293324584960937500e+02
1.288501739501953125e+02
1.279351882934570312e+02
1.297090301513671875e+02
1.302805633544921875e+02
1.299295196533203125e+02
1.287226715087890625e+02
1.289321899414062500e+02
1.289618072509765625e+02
1.285730133056640625e+02
1.276873550415039062e+02
1.257289886474609375e+02
1.279739379882812500e+02
1.270465545654296875e+02
1.269668655395507812e+02
1.263272476196289062e+02
1.271540145874023438e+02
1.278046646118164062e+02
1.258199691772460938e+02
1.279542694091796875e+02
1.280935058593750000e+02
1.267924423217773438e+02
1.268075714111328125e+02
1.278071212768554688e+02
1.282584228515625000e+02
1.285032348632812500e+02
1.290950927734375000e+02
1.292866821289062500e+02
1.283396759033203125e+02
1.284238586425781250e+02
1.281474761962890625e+02
1.276125411987304688e+02
1.276930541992187500e+02
1.287150268554687500e+02
1.279737396240234375e+02
1.285466918945312500e+02
1.285114135742187500e+02
1.283476867675781250e+02
1.292621002197265625e+02
1.277864990234375000e+02
1.292590026855468750e+02
1.276573181152343750e+02
1.299300689697265625e+02
1.277296218872070312e+02
1.288521270751953125e+02
1.288243103027343750e+02
1.282266998291015625e+02
1.287824707031250000e+02
1.293708953857421875e+02
1.301752014160156250e+02
1.286760711669921875e+02
1.295503082275390625e+02
1.279999771118164062e+02
1.301601257324218750e+02
1.292546844482421875e+02
1.279811935424804688e+02
1.287451629638671875e+02
1.304361877441406250e+02
1.281773834228515625e+02
1.304094848632812500e+02
1.295210266113281250e+02
1.303939361572265625e+02
1.309235992431640625e+02
1.327619323730468750e+02
1.312490844726562500e+02
1.308664855957031250e+02
1.311544647216796875e+02
1.305450286865234375e+02
1.322765045166015625e+02
1.329817047119140625e+02
1.315883026123046875e+02
1.312345886230468750e+02
1.313760528564453125e+02
1.309752960205078125e+02
1.316565551757812500e+02
1.323413085937500000e+02
1.324942932128906250e+02
1.325952148437500000e+02
1.334198303222656250e+02
1.334821014404296875e+02
1.337504425048828125e+02
1.333419494628906250e+02
1.359430236816406250e+02
1.338906860351562500e+02
1.328812713623046875e+02
1.351046447753906250e+02
1.337964630126953125e+02
1.334717864990234375e+02
1.338593292236328125e+02
1.316497955322265625e+02
1.327444000244140625e+02
1.331612548828125000e+02
1.309251708984375000e+02
1.322982025146484375e+02
1.328497161865234375e+02
1.319783935546875000e+02
1.329069824218750000e+02
1.322788696289062500e+02
1.315409393310546875e+02
1.295895233154296875e+02
1.318119659423828125e+02
1.314536590576171875e+02
1.298117065429687500e+02
1.309311981201171875e+02
1.306511840820312500e+02
1.310199737548828125e+02
1.314501647949218750e+02
1.297720642089843750e+02
1.295297241210937500e+02
1.306336822509765625e+02
1.304635162353515625e+02
1.292432098388671875e+02
1.293663330078125000e+02
1.298308258056640625e+02
1.295781250000000000e+02
1.305950469970703125e+02
1.305825347900390625e+02
1.294403839111328125e+02
1.285705718994140625e+02
1.287532806396484375e+02
1.291228790283203125e+02
1.276177215576171875e+02
1.286096191406250000e+02
1.288492431640625000e+02
1.296759490966796875e+02
1.293256530761718750e+02
1.305806121826171875e+02
1.293589324951171875e+02
1.301225280761718750e+02
1.292060394287109375e+02
1.296779479980468750e+02
1.291800079345703125e+02
1.296145629882812500e+02
1.289759826660156250e+02
1.307204437255859375e+02
1.292944183349609375e+02
1.299107055664062500e+02
1.301268463134765625e+02
1.318505706787109375e+02
1.301785125732421875e+02
1.335503387451171875e+02
1.312964172363281250e+02
1.306028747558593750e+02
1.313102416992187500e+02
1.319299926757812500e+02
1.310865020751953125e+02
1.313284301757812500e+02
1.320453948974609375e+02
1.327200164794921875e+02
1.313534240722656250e+02
1.326515655517578125e+02
1.346395568847656250e+02
1.337355346679687500e+02
1.331451568603515625e+02
1.327097320556640625e+02
1.317826843261718750e+02
1.325035858154296875e+02
1.324960632324218750e+02
1.311488800048828125e+02
1.314677124023437500e+02
1.302577362060546875e+02
1.306364898681640625e+02
1.324808502197265625e+02
1.301464385986328125e+02
1.294052276611328125e+02
1.287594604492187500e+02
1.291097259521484375e+02
1.320010681152343750e+02
1.307941131591796875e+02
1.305129547119140625e+02
1.310833740234375000e+02
1.320782165527343750e+02
1.294319763183593750e+02
1.293138885498046875e+02
1.302135162353515625e+02
1.303862457275390625e+02
1.309212036132812500e+02
1.286607513427734375e+02
1.290957183837890625e+02
1.305184936523437500e+02
1.303253326416015625e+02
1.303177642822265625e+02
1.302109985351562500e+02
1.297493133544921875e+02
1.293633422851562500e+02
1.306995544433593750e+02
1.307324981689453125e+02
1.300363922119140625e+02
1.292009735107421875e+02
1.292606658935546875e+02
1.286919860839843750e+02
1.287580413818359375e+02
1.300750274658203125e+02
1.304949951171875000e+02
1.310252990722656250e+02
1.308541107177734375e+02
1.310598907470703125e+02
1.298603668212890625e+02
1.292937316894531250e+02
1.287884063720703125e+02
1.313399963378906250e+02
1.298064575195312500e+02
1.290972442626953125e+02
1.291151885986328125e+02
1.297122650146484375e+02
1.304048461914062500e+02
1.306485443115234375e+02
1.306274261474609375e+02
1.298067932128906250e+02
1.312728271484375000e+02
1.310300903320312500e+02
1.307832641601562500e+02
1.316714935302734375e+02
1.304000854492187500e+02
1.302952575683593750e+02
1.317922668457031250e+02
1.299426879882812500e+02
1.292207946777343750e+02
1.310171966552734375e+02
1.305933990478515625e+02
1.308973388671875000e+02
1.303952941894531250e+02
1.304894561767578125e+02
1.299201965332031250e+02
1.308368988037109375e+02
1.304056091308593750e+02
1.302506561279296875e+02
1.286936340332031250e+02
1.303121948242187500e+02
1.296960906982421875e+02
1.314662933349609375e+02
1.295378265380859375e+02
1.312491912841796875e+02
1.302123870849609375e+02
1.304604949951171875e+02
1.297266998291015625e+02
1.307296295166015625e+02
1.310250701904296875e+02
1.299957733154296875e+02
1.289293365478515625e+02
1.285612640380859375e+02
1.301013641357421875e+02
1.296314544677734375e+02
1.300912628173828125e+02
1.310870666503906250e+02
1.310880432128906250e+02
1.297664184570312500e+02
1.306852416992187500e+02
1.302468872070312500e+02
1.325581512451171875e+02
1.312136383056640625e+02
1.296654968261718750e+02
1.317017211914062500e+02
1.291148376464843750e+02
1.307234497070312500e+02
1.303603057861328125e+02
1.309848022460937500e+02
1.306245574951171875e+02
1.294972076416015625e+02
1.320453796386718750e+02
1.297493133544921875e+02
1.302039031982421875e+02
1.303019409179687500e+02
1.303411254882812500e+02
1.305392456054687500e+02
1.316640167236328125e+02
1.300282745361328125e+02
1.288728485107421875e+02
1.313861236572265625e+02
1.308694458007812500e+02
1.319078369140625000e+02
1.317732238769531250e+02
1.312547149658203125e+02
1.304578552246093750e+02
1.300686950683593750e+02
1.312032775878906250e+02
1.305176696777343750e+02
1.299270629882812500e+02
1.309831237792968750e+02
1.297212371826171875e+02
1.299669494628906250e+02
1.290877685546875000e+02
1.294231567382812500e+02
1.288941497802734375e+02
1.292446136474609375e+02
1.306916809082031250e+02
1.300781555175781250e+02
1.294191131591796875e+02
1.305532226562500000e+02
1.297016754150390625e+02
1.305803222656250000e+02
1.308441467285156250e+02
1.288562469482421875e+02
1.303339233398437500e+02
1.308359985351562500e+02
1.292846069335937500e+02
1.297130432128906250e+02
1.311601104736328125e+02
1.308773345947265625e+02
1.300516967773437500e+02
1.307793426513671875e+02
1.307622680664062500e+02
1.303272094726562500e+02
1.322533264160156250e+02
1.307791137695312500e+02
1.304116363525390625e+02
1.307369689941406250e+02
1.326097412109375000e+02
1.314869842529296875e+02
1.305243988037109375e+02
1.300690002441406250e+02
1.306508483886718750e+02
1.318957061767578125e+02
1.312068786621093750e+02
1.321005706787109375e+02
1.310190582275390625e+02
1.314573669433593750e+02
1.330162658691406250e+02
1.307522888183593750e+02
1.316447753906250000e+02
1.330732879638671875e+02
1.319685668945312500e+02
1.336461486816406250e+02
1.322977600097656250e+02
1.313610992431640625e+02
1.324478302001953125e+02
1.335020751953125000e+02
1.335082550048828125e+02
1.323784027099609375e+02
1.321072387695312500e+02
1.331152954101562500e+02
1.337959136962890625e+02
1.354689941406250000e+02
1.357333526611328125e+02
1.358290100097656250e+02
1.343721923828125000e+02
1.350900421142578125e+02
1.370567169189453125e+02
1.379005584716796875e+02
1.364526062011718750e+02
1.375217895507812500e+02
1.382984924316406250e+02
1.382156677246093750e+02
1.379642791748046875e+02
1.383836822509765625e+02
1.403854980468750000e+02
1.407067718505859375e+02
1.391367797851562500e+02
1.399060668945312500e+02
1.399045257568359375e+02
1.404870147705078125e+02
1.401960754394531250e+02
1.380454559326171875e+02
1.378011474609375000e+02
1.373927307128906250e+02
1.376345062255859375e+02
1.389708709716796875e+02
1.358478698730468750e+02
1.377496032714843750e+02
1.381677398681640625e+02
1.371310577392578125e+02
1.390444335937500000e+02
1.379907531738281250e+02
1.380158843994140625e+02
1.381361999511718750e+02
1.387601470947265625e+02
1.381969146728515625e+02
1.367718353271484375e+02
1.377611846923828125e+02
1.378972473144531250e+02
1.378210601806640625e+02
1.390105590820312500e+02
1.385831909179687500e+02
1.399429168701171875e+02
1.396259155273437500e+02
1.406760406494140625e+02
1.392374572753906250e+02
1.398544921875000000e+02
1.401548156738281250e+02
1.409246826171875000e+02
1.412208099365234375e+02
1.391942596435546875e+02
1.383294982910156250e+02
1.398992004394531250e+02
1.386360168457031250e+02
1.395755767822265625e+02
1.410636444091796875e+02
1.408579406738281250e+02
1.420338745117187500e+02
1.415228118896484375e+02
1.425015869140625000e+02
1.412775573730468750e+02
1.412178344726562500e+02
1.416543426513671875e+02
1.439458923339843750e+02
1.425218353271484375e+02
1.421440582275390625e+02
1.410633697509765625e+02
1.438618469238281250e+02
1.434013977050781250e+02
1.429236297607421875e+02
1.435220031738281250e+02
1.431990509033203125e+02
1.425085601806640625e+02
1.413804016113281250e+02
1.428718109130859375e+02
1.433384094238281250e+02
1.426058959960937500e+02
1.436506500244140625e+02
1.433320465087890625e+02
1.449327697753906250e+02
1.436926879882812500e+02
1.447623901367187500e+02
1.447427978515625000e+02
1.446621704101562500e+02
1.449758758544921875e+02
1.453057403564453125e+02
1.456264801025390625e+02
1.453077087402343750e+02
1.434424438476562500e+02
1.457154388427734375e+02
1.416502227783203125e+02
1.448207855224609375e+02
1.441815948486328125e+02
1.430351257324218750e+02
1.406333007812500000e+02
1.403074035644531250e+02
1.406161956787109375e+02
1.435845489501953125e+02
1.409797973632812500e+02
1.405606536865234375e+02
1.418446807861328125e+02
1.411931152343750000e+02
1.400419311523437500e+02
1.390958557128906250e+02
1.408208312988281250e+02
1.392599487304687500e+02
1.388380126953125000e+02
1.411589813232421875e+02
1.396731567382812500e+02
1.391110839843750000e+02
1.400575866699218750e+02
1.406953125000000000e+02
1.402665863037109375e+02
1.411089324951171875e+02
1.409743499755859375e+02
1.409697418212890625e+02
1.411913299560546875e+02
1.414808959960937500e+02
1.407591857910156250e+02
1.414152984619140625e+02
1.416520690917968750e+02
1.420619964599609375e+02
1.415262298583984375e+02
1.392598419189453125e+02
1.417196807861328125e+02
1.417038879394531250e+02
1.435984802246093750e+02
1.437418060302734375e+02
1.422571258544921875e+02
1.414926605224609375e+02
1.435878448486328125e+02
1.426699218750000000e+02
1.420938873291015625e+02
1.412328796386718750e+02
1.423601684570312500e+02
1.443260345458984375e+02
1.422027282714843750e+02
1.429735870361328125e+02
1.410153198242187500e+02
1.416011962890625000e+02
1.426363677978515625e+02
1.423725891113281250e+02
1.401273956298828125e+02
1.417294311523437500e+02
1.411085357666015625e+02
1.428077087402343750e+02
1.430984649658203125e+02
1.436143951416015625e+02
1.442909698486328125e+02
1.430226287841796875e+02
1.423872985839843750e+02
1.437696838378906250e+02
1.434416961669921875e+02
1.427636260986328125e+02
1.425751800537109375e+02
1.439841918945312500e+02
1.434415435791015625e+02
1.427363128662109375e+02
1.425514068603515625e+02
1.436811065673828125e+02
1.428293762207031250e+02
1.437383575439453125e+02
1.434258880615234375e+02
1.420164184570312500e+02
1.423940277099609375e+02
1.419623870849609375e+02
1.431292724609375000e+02
1.418207702636718750e+02
1.429285278320312500e+02
1.442005615234375000e+02
1.426956634521484375e+02
1.434295959472656250e+02
1.432990875244140625e+02
1.423409576416015625e+02
1.420806427001953125e+02
1.435260772705078125e+02
1.453795776367187500e+02
1.440910949707031250e+02
1.442470245361328125e+02
1.436485443115234375e+02
1.433728790283203125e+02
1.440919342041015625e+02
1.433749847412109375e+02
1.436426086425781250e+02
1.435585632324218750e+02
1.414925537109375000e+02
1.422072143554687500e+02
1.427981109619140625e+02
1.443518829345703125e+02
1.441424713134765625e+02
1.443197937011718750e+02
1.434101867675781250e+02
1.445548095703125000e+02
1.447767486572265625e+02
1.472454223632812500e+02
1.454113006591796875e+02
1.461726074218750000e+02
1.458852081298828125e+02
1.445907287597656250e+02
1.453839569091796875e+02
1.447067565917968750e+02
1.442346649169921875e+02
1.444067993164062500e+02
1.453534851074218750e+02
1.455540618896484375e+02
1.450469970703125000e+02
1.449243621826171875e+02
1.443234558105468750e+02
1.450665588378906250e+02
1.447601623535156250e+02
1.433132171630859375e+02
1.440722351074218750e+02
1.436448059082031250e+02
1.428505096435546875e+02
1.436076660156250000e+02
1.429794616699218750e+02
1.422789001464843750e+02
1.432930297851562500e+02
1.430517120361328125e+02
1.433728637695312500e+02
1.428230133056640625e+02
1.410023193359375000e+02
1.409038391113281250e+02
1.443704986572265625e+02
1.426464691162109375e+02
1.426464538574218750e+02
1.435790252685546875e+02
1.431977844238281250e+02
1.429460449218750000e+02
1.426173858642578125e+02
1.434911346435546875e+02
1.427227783203125000e+02
1.418393554687500000e+02
1.426460723876953125e+02
1.423316650390625000e+02
1.403131103515625000e+02
1.426670684814453125e+02
1.410788726806640625e+02
1.413031311035156250e+02
1.385930633544921875e+02
1.400460662841796875e+02
1.391707305908203125e+02
1.387298889160156250e+02
1.405549621582031250e+02
1.377204132080078125e+02
1.395095367431640625e+02
1.389555969238281250e+02
1.371164093017578125e+02
1.350185089111328125e+02
1.354420013427734375e+02
1.352853393554687500e+02
1.349877929687500000e+02
1.375563964843750000e+02
1.380755157470703125e+02
1.406574096679687500e+02
1.391999206542968750e+02
1.403687286376953125e+02
1.414300231933593750e+02
1.405712890625000000e+02
1.393791046142578125e+02
1.400102233886718750e+02
1.375095672607421875e+02
1.367749481201171875e+02
1.365690307617187500e+02
1.386916961669921875e+02
1.386294860839843750e+02
1.367985992431640625e+02
1.351600189208984375e+02
1.344221038818359375e+02
1.346310272216796875e+02
1.361875762939453125e+02
1.349229583740234375e+02
1.355363159179687500e+02
1.358069000244140625e+02
1.338394775390625000e+02
1.336168823242187500e+02
1.347896118164062500e+02
1.335407104492187500e+02
1.314766082763671875e+02
1.330188293457031250e+02
1.325663299560546875e+02
1.342027435302734375e+02
1.330070648193359375e+02
1.349041290283203125e+02
1.322827301025390625e+02
1.343020935058593750e+02
1.351744995117187500e+02
1.376324768066406250e+02
1.344390716552734375e+02
1.377614288330078125e+02
1.387315979003906250e+02
1.386173706054687500e+02
1.410185699462890625e+02
1.411928558349609375e+02
1.400522613525390625e+02
1.368931884765625000e+02
1.408774566650390625e+02
1.408362884521484375e+02
1.392603759765625000e+02
1.387604064941406250e+02
1.374846649169921875e+02
1.371446685791015625e+02
1.353817596435546875e+02
1.344517822265625000e+02
1.344907073974609375e+02
1.338559265136718750e+02
1.348196716308593750e+02
1.352247772216796875e+02
1.368529205322265625e+02
1.361331787109375000e+02
1.344733581542968750e+02
1.338696136474609375e+02
1.336514739990234375e+02
1.306260681152343750e+02
1.330850677490234375e+02
1.323660430908203125e+02
1.309125213623046875e+02
1.303214263916015625e+02
1.315681762695312500e+02
1.294504394531250000e+02
1.298713989257812500e+02
1.303860473632812500e+02
1.287450408935546875e+02
1.310476684570312500e+02
1.282991485595703125e+02
1.302425842285156250e+02
1.295109558105468750e+02
1.300147094726562500e+02
1.286510620117187500e+02
1.285812377929687500e+02
1.311129150390625000e+02
1.298702392578125000e+02
1.279387512207031250e+02
1.283018951416015625e+02
1.285023498535156250e+02
1.273462677001953125e+02
1.269872055053710938e+02
1.248848724365234375e+02
1.259684677124023438e+02
1.244271163940429688e+02
1.254082031250000000e+02
1.260271987915039062e+02
1.257025146484375000e+02
1.253803558349609375e+02
1.249130783081054688e+02
1.247031784057617188e+02
1.246074371337890625e+02
1.251463165283203125e+02
1.246531600952148438e+02
1.241131973266601562e+02
1.259108734130859375e+02
1.284401092529296875e+02
1.262109756469726562e+02
1.255324401855468750e+02
1.263940811157226562e+02
1.250987701416015625e+02
1.247401733398437500e+02
1.258796615600585938e+02
1.249335861206054688e+02
1.269521179199218750e+02
1.252753829956054688e+02
1.242150344848632812e+02
1.230983123779296875e+02
1.210496139526367188e+02
1.224299545288085938e+02
1.215123901367187500e+02
1.202276458740234375e+02
1.208678283691406250e+02
1.213905410766601562e+02
1.223689880371093750e+02
1.224785614013671875e+02
1.219809417724609375e+02
1.203111801147460938e+02
1.244303054809570312e+02
1.244130630493164062e+02
1.247237625122070312e+02
1.245092391967773438e+02
1.234751052856445312e+02
1.237208938598632812e+02
1.262455825805664062e+02
1.246298980712890625e+02
1.239959487915039062e+02
1.238782501220703125e+02
1.206590194702148438e+02
1.212116088867187500e+02
1.210888977050781250e+02
1.201602478027343750e+02
1.233223114013671875e+02
1.220067520141601562e+02
1.239672241210937500e+02
1.260431900024414062e+02
1.258662033081054688e+02
1.249574432373046875e+02
1.262840194702148438e+02
1.279764938354492188e+02
1.270913543701171875e+02
1.271633300781250000e+02
1.242304763793945312e+02
1.238200225830078125e+02
1.255948181152343750e+02
1.255998992919921875e+02
1.279028778076171875e+02
1.305151672363281250e+02
1.316913757324218750e+02
1.339973602294921875e+02
1.315337524414062500e+02
1.314505462646484375e+02
1.311848602294921875e+02
1.279003829956054688e+02
1.305381164550781250e+02
1.283735656738281250e+02
1.303037261962890625e+02
1.306955566406250000e+02
1.327488861083984375e+02
1.303616638183593750e+02
1.279061279296875000e+02
1.288989105224609375e+02
1.258375473022460938e+02
1.275087509155273438e+02
1.259815750122070312e+02
1.302837829589843750e+02
1.278987579345703125e+02
1.303176422119140625e+02
1.247812728881835938e+02
1.302018585205078125e+02
1.286440429687500000e+02
1.325070800781250000e+02
1.348788604736328125e+02
1.338457183837890625e+02
1.340272369384765625e+02
1.337066345214843750e+02
1.328624572753906250e+02
1.344166870117187500e+02
1.345554351806640625e+02
1.339405670166015625e+02
1.346542358398437500e+02
1.360526428222656250e+02
1.302602233886718750e+02
1.302302093505859375e+02
1.297237091064453125e+02
1.304181213378906250e+02
1.329479522705078125e+02
1.343884124755859375e+02
1.328119049072265625e+02
1.333123931884765625e+02
1.359887084960937500e+02
1.350749206542968750e+02
1.343186492919921875e+02
1.353172149658203125e+02
1.314125671386718750e+02
1.340600280761718750e+02
1.331439666748046875e+02
1.338740539550781250e+02
1.342418823242187500e+02
1.316915283203125000e+02
1.313775939941406250e+02
1.313949279785156250e+02
1.329952239990234375e+02
1.311896362304687500e+02
1.340796813964843750e+02
1.337687377929687500e+02
1.343355407714843750e+02
1.312734680175781250e+02
1.341422882080078125e+02
1.324077301025390625e+02
1.335261840820312500e+02
1.310587921142578125e+02
1.316639556884765625e+02
1.322867431640625000e+02
1.321872558593750000e+02
1.300075683593750000e+02
1.329593658447265625e+02
1.339938354492187500e+02
1.346461791992187500e+02
1.355481872558593750e+02
1.360592041015625000e+02
1.366412963867187500e+02
1.396961212158203125e+02
1.356637420654296875e+02
1.360689086914062500e+02
1.359871978759765625e+02
1.344178924560546875e+02
1.328957824707031250e+02
1.344851379394531250e+02
1.342242584228515625e+02
1.345117492675781250e+02
1.323751831054687500e+02
1.320885925292968750e+02
1.301700439453125000e+02
1.325939636230468750e+02
1.343431243896484375e+02
1.307887878417968750e+02
1.317032012939453125e+02
1.312167358398437500e+02
1.317286834716796875e+02
1.325857849121093750e+02
1.319997406005859375e+02
1.332749023437500000e+02
1.331416778564453125e+02
1.322176818847656250e+02
1.326796417236328125e+02
1.328262634277343750e+02
1.340390014648437500e+02
1.370420532226562500e+02
1.345520629882812500e+02
1.348558807373046875e+02
1.349149780273437500e+02
1.360092773437500000e+02
1.342825012207031250e+02
1.364803314208984375e+02
1.347240295410156250e+02
1.338778991699218750e+02
1.348584899902343750e+02
1.351081695556640625e+02
1.368730010986328125e+02
1.353598937988281250e+02
1.359275207519531250e+02
1.368692169189453125e+02
1.369650115966796875e+02
1.364779815673828125e+02
1.348506317138671875e+02
1.344286041259765625e+02
1.348251037597656250e+02
1.311251068115234375e+02
1.344908752441406250e+02
1.347558441162109375e+02
1.342650451660156250e+02
1.341376800537109375e+02
1.344613800048828125e+02
1.363032226562500000e+02
1.367113189697265625e+02
1.354437255859375000e+02
1.349936981201171875e+02
1.357683258056640625e+02
1.375430603027343750e+02
1.366452331542968750e+02
1.367446594238281250e+02
1.395063323974609375e+02
1.358512573242187500e+02
1.362908477783203125e+02
1.366339111328125000e+02
1.370600585937500000e+02
1.374127349853515625e+02
1.390042419433593750e+02
1.382500305175781250e+02
1.390893402099609375e+02
1.394268493652343750e+02
1.401033020019531250e+02
1.388139343261718750e+02
1.396937866210937500e+02
1.370798950195312500e+02
1.377969818115234375e+02
1.378954620361328125e+02
1.391572570800781250e+02
1.374532012939453125e+02
1.387674560546875000e+02
1.368854522705078125e+02
1.347937469482421875e+02
1.350379791259765625e+02
1.373238983154296875e+02
1.353840179443359375e+02
1.329380035400390625e+02
1.339136352539062500e+02
1.353677368164062500e+02
1.341069030761718750e+02
1.351209259033203125e+02
1.338559417724609375e+02
1.342305450439453125e+02
1.328452301025390625e+02
1.345482788085937500e+02
1.346606750488281250e+02
1.382065582275390625e+02
1.367213897705078125e+02
1.363303375244140625e+02
1.364967041015625000e+02
1.357319335937500000e+02
1.392726287841796875e+02
1.392689514160156250e+02
1.378611145019531250e+02
1.390321960449218750e+02
1.392257690429687500e+02
1.379961853027343750e+02
1.383228454589843750e+02
1.376774597167968750e+02
1.386107025146484375e+02
1.389380187988281250e+02
1.407540130615234375e+02
1.439031219482421875e+02
1.426506805419921875e+02
1.425733184814453125e+02
1.429883270263671875e+02
1.398559417724609375e+02
1.411093292236328125e+02
1.418465576171875000e+02
1.413895568847656250e+02
1.401986389160156250e+02
1.410184020996093750e+02
1.409614562988281250e+02
1.407661590576171875e+02
1.411213378906250000e+02
1.397739257812500000e+02
1.412416839599609375e+02
1.432174377441406250e+02
1.411294860839843750e+02
1.416145477294921875e+02
1.422658233642578125e+02
1.394783172607421875e+02
1.402254791259765625e+02
1.405919036865234375e+02
1.398309478759765625e+02
1.396677551269531250e+02
1.380227661132812500e+02
1.354583892822265625e+02
1.380046386718750000e+02
1.381876678466796875e+02
1.367763366699218750e+02
1.372508544921875000e+02
1.377200012207031250e+02
1.384784088134765625e+02
1.394165496826171875e+02
1.392543029785156250e+02
1.383455963134765625e+02
1.361474456787109375e+02
1.377932891845703125e+02
1.387560577392578125e+02
1.409442443847656250e+02
1.414366302490234375e+02
1.430940704345703125e+02
1.444036712646484375e+02
1.462680358886718750e+02
1.452911834716796875e+02
1.445955810546875000e+02
1.455871887207031250e+02
1.455093383789062500e+02
1.443470764160156250e+02
1.470502166748046875e+02
1.455397491455078125e+02
1.479235839843750000e+02
1.475263214111328125e+02
1.475269622802734375e+02
1.453971862792968750e+02
1.465094299316406250e+02
1.439072265625000000e+02
1.463155212402343750e+02
1.478005218505859375e+02
1.463012542724609375e+02
1.472217102050781250e+02
1.463771209716796875e+02
1.452198028564453125e+02
1.449759216308593750e+02
1.451682739257812500e+02
1.453100433349609375e+02
1.432777252197265625e+02
1.413694458007812500e+02
1.435839691162109375e+02
1.437259826660156250e+02
1.441385650634765625e+02
1.437138671875000000e+02
1.437680816650390625e+02
1.442082824707031250e+02
1.427276153564453125e+02
1.446887359619140625e+02
1.448390655517578125e+02
1.473459625244140625e+02
1.474174804687500000e+02
1.492723693847656250e+02
1.478871002197265625e+02
1.497484588623046875e+02
1.498442230224609375e+02
1.493251800537109375e+02
1.501928100585937500e+02
1.517304840087890625e+02
1.509797668457031250e+02
1.488852081298828125e+02
1.494602813720703125e+02
1.510042114257812500e+02
1.477384643554687500e+02
1.494466857910156250e+02
1.490015869140625000e+02
1.473325500488281250e+02
1.454819641113281250e+02
1.439830932617187500e+02
1.414226379394531250e+02
1.447565307617187500e+02
1.424127807617187500e+02
1.448886871337890625e+02
1.450156097412109375e+02
1.448207550048828125e+02
1.447792816162109375e+02
1.413281250000000000e+02
1.440396881103515625e+02
1.429795227050781250e+02
1.423232727050781250e+02
1.386269836425781250e+02
1.376205291748046875e+02
1.388160858154296875e+02
1.371709747314453125e+02
1.369923400878906250e+02
1.379368743896484375e+02
1.378753814697265625e+02
1.359496307373046875e+02
1.356926727294921875e+02
1.350522613525390625e+02
1.334455108642578125e+02
1.311994934082031250e+02
1.297456359863281250e+02
1.314000549316406250e+02
1.337733917236328125e+02
1.350301818847656250e+02
1.330670318603515625e+02
1.325874328613281250e+02
1.323754730224609375e+02
1.327282409667968750e+02
1.332839965820312500e+02
1.362160797119140625e+02
1.340165710449218750e+02
1.340351715087890625e+02
1.329877471923828125e+02
1.346071014404296875e+02
1.329432678222656250e+02
1.346719055175781250e+02
1.283336486816406250e+02
1.314711456298828125e+02
1.280081176757812500e+02
1.271695022583007812e+02
1.279735794067382812e+02
1.282672119140625000e+02
1.253660202026367188e+02
1.233471298217773438e+02
1.234443664550781250e+02
1.258566055297851562e+02
1.260446166992187500e+02
1.254412841796875000e+02
1.245516052246093750e+02
1.248791656494140625e+02
1.237040786743164062e+02
1.256471252441406250e+02
1.261368026733398438e+02
1.246519546508789062e+02
1.261377487182617188e+02
1.238830413818359375e+02
1.250331878662109375e+02
1.230387725830078125e+02
1.233625335693359375e+02
1.244228286743164062e+02
1.215629959106445312e+02
1.261882629394531250e+02
1.248519210815429688e+02
1.241135559082031250e+02
1.222008743286132812e+02
1.194780807495117188e+02
1.214234161376953125e+02
1.225435791015625000e+02
1.242237777709960938e+02
1.366266021728515625e+02
1.353740692138671875e+02
1.408439941406250000e+02
1.414445037841796875e+02
1.431109313964843750e+02
1.457000122070312500e+02
1.492952423095703125e+02
1.478688354492187500e+02
1.507447662353515625e+02
1.499971313476562500e+02
1.495450286865234375e+02
1.499593811035156250e+02
1.482211303710937500e+02
1.497653045654296875e+02
1.469116516113281250e+02
1.364996643066406250e+02
1.323683929443359375e+02
1.346842498779296875e+02
1.291426544189453125e+02
1.277841110229492188e+02
1.338671722412109375e+02
1.269489974975585938e+02
1.351199035644531250e+02
1.280106964111328125e+02
1.277472839355468750e+02
1.273496398925781250e+02
1.279313507080078125e+02
1.245907669067382812e+02
1.426418609619140625e+02
1.266568374633789062e+02
1.430056152343750000e+02
1.286347198486328125e+02
1.320397186279296875e+02
1.314124450683593750e+02
1.361188049316406250e+02
1.320973052978515625e+02
1.273290252685546875e+02
1.299857940673828125e+02
1.285382537841796875e+02
1.275409851074218750e+02
1.288357696533203125e+02
1.291658630371093750e+02
1.306657714843750000e+02
1.285085449218750000e+02
1.306201324462890625e+02
1.303694458007812500e+02
1.304461212158203125e+02
1.345888671875000000e+02
1.322281494140625000e+02
1.410630340576171875e+02
1.503929901123046875e+02
1.487795867919921875e+02
1.516004333496093750e+02
1.507745208740234375e+02
1.482515106201171875e+02
1.455491790771484375e+02
1.480072631835937500e+02
1.450250396728515625e+02
1.479293823242187500e+02
1.476666564941406250e+02
1.462952575683593750e+02
1.488637237548828125e+02
1.471200714111328125e+02
1.486489868164062500e+02
1.481983947753906250e+02
1.510228881835937500e+02
1.522446746826171875e+02
1.517127685546875000e+02
1.532124481201171875e+02
1.521784820556640625e+02
1.525137023925781250e+02
1.505704803466796875e+02
1.494716033935546875e+02
1.483565979003906250e+02
1.500895080566406250e+02
1.480355987548828125e+02
1.470891723632812500e+02
1.479498748779296875e+02
1.497006683349609375e+02
1.518465118408203125e+02
1.537056427001953125e+02
1.535941467285156250e+02
1.511823272705078125e+02
1.502046661376953125e+02
1.505503845214843750e+02
1.514249725341796875e+02
1.519458618164062500e+02
1.514216156005859375e+02
1.484763031005859375e+02
1.420260314941406250e+02
1.387486267089843750e+02
1.459640960693359375e+02
1.459128112792968750e+02
1.430507049560546875e+02
1.420977172851562500e+02
1.421367340087890625e+02
1.411326751708984375e+02
1.378944702148437500e+02
1.366917114257812500e+02
1.342244415283203125e+02
1.363661193847656250e+02
1.350773620605468750e+02
1.382564239501953125e+02
1.415504913330078125e+02
1.366924438476562500e+02
1.299604644775390625e+02
1.281922302246093750e+02
1.255546798706054688e+02
1.273800048828125000e+02
1.240796661376953125e+02
1.243353576660156250e+02
1.240160293579101562e+02
1.253822402954101562e+02
1.262889556884765625e+02
1.277435913085937500e+02
1.282561645507812500e+02
1.274023284912109375e+02
1.261607360839843750e+02
1.260162048339843750e+02
1.277707366943359375e+02
1.261387405395507812e+02
1.245976181030273438e+02
1.283829040527343750e+02
1.248399658203125000e+02
1.339649810791015625e+02
1.382483520507812500e+02
1.567886657714843750e+02
1.594250946044921875e+02
1.760761260986328125e+02
1.769151000976562500e+02
1.789040679931640625e+02
1.771912231445312500e+02
1.756049346923828125e+02
1.605639495849609375e+02
1.743144531250000000e+02
1.760454559326171875e+02
1.745835723876953125e+02
1.766235809326171875e+02
1.740501251220703125e+02
1.756409454345703125e+02
1.745628662109375000e+02
1.746691131591796875e+02
1.721970977783203125e+02
1.691790313720703125e+02
1.602705078125000000e+02
1.658363037109375000e+02
1.648417053222656250e+02
1.513790283203125000e+02
1.391617584228515625e+02
1.411862640380859375e+02
1.707373809814453125e+02
1.752287445068359375e+02
1.712232513427734375e+02
1.757861022949218750e+02
1.717404479980468750e+02
1.658161315917968750e+02
1.726144714355468750e+02
1.750075531005859375e+02
1.663018798828125000e+02
1.593758697509765625e+02
1.493336944580078125e+02
1.594349517822265625e+02
1.697526855468750000e+02
1.542179718017578125e+02
1.595653228759765625e+02
1.696098785400390625e+02
1.761892089843750000e+02
1.789379730224609375e+02
1.801274108886718750e+02
1.793404998779296875e+02
1.787025909423828125e+02
1.804268951416015625e+02
1.816858062744140625e+02
1.811743927001953125e+02
1.817746124267578125e+02
1.762899017333984375e+02
1.566202545166015625e+02
1.571122894287109375e+02
1.656875305175781250e+02
1.678188323974609375e+02
1.755751342773437500e+02
1.806774291992187500e+02
1.786482086181640625e+02
1.791383972167968750e+02
1.797665100097656250e+02
1.795553894042968750e+02
1.796102447509765625e+02
1.762400970458984375e+02
1.740879821777343750e+02
1.771081695556640625e+02
1.657121276855468750e+02
1.638423614501953125e+02
1.732462615966796875e+02
1.781759033203125000e+02
1.694799652099609375e+02
1.684113006591796875e+02
1.820717620849609375e+02
1.772650604248046875e+02
1.805716094970703125e+02
1.814265594482421875e+02
1.806601715087890625e+02
1.798654022216796875e+02
1.796349334716796875e+02
1.804607696533203125e+02
1.805907897949218750e+02
1.813040466308593750e+02
1.825162811279296875e+02
1.808223571777343750e+02
1.776246795654296875e+02
1.762204284667968750e+02
1.702660217285156250e+02
1.605771484375000000e+02
1.621275634765625000e+02
1.684489135742187500e+02
1.682255401611328125e+02
1.675085296630859375e+02
1.662308502197265625e+02
1.768594970703125000e+02
1.746889801025390625e+02
1.725453491210937500e+02
1.687126007080078125e+02
1.610051727294921875e+02
1.558274230957031250e+02
1.559654541015625000e+02
1.631121673583984375e+02
1.644686126708984375e+02
1.619706573486328125e+02
1.656035461425781250e+02
1.630216674804687500e+02
1.484307403564453125e+02
1.476930084228515625e+02
1.506846313476562500e+02
1.532417449951171875e+02
1.597944641113281250e+02
1.573013000488281250e+02
1.713155822753906250e+02
1.612788543701171875e+02
1.583121795654296875e+02
1.655527648925781250e+02
1.680907287597656250e+02
1.646344757080078125e+02
1.720572814941406250e+02
1.767540588378906250e+02
1.769045715332031250e+02
1.608135375976562500e+02
1.481211395263671875e+02
1.451628112792968750e+02
1.395710906982421875e+02
1.369929351806640625e+02
1.506034698486328125e+02
1.581649475097656250e+02
1.698899841308593750e+02
1.541034393310546875e+02
1.493584899902343750e+02
1.567507019042968750e+02
1.489912872314453125e+02
1.502494964599609375e+02
1.462742156982421875e+02
1.496973266601562500e+02
1.527245178222656250e+02
1.540632934570312500e+02
1.525444183349609375e+02
1.580692596435546875e+02
1.583507690429687500e+02
1.591493377685546875e+02
1.650980377197265625e+02
1.767966766357421875e+02
1.775158386230468750e+02
1.797477416992187500e+02
1.804294433593750000e+02
1.806708831787109375e+02
1.785701751708984375e+02
1.804226074218750000e+02
1.750669250488281250e+02
1.657375793457031250e+02
1.679274902343750000e+02
1.515743865966796875e+02
1.716103210449218750e+02
1.704639434814453125e+02
1.781850891113281250e+02
1.777652893066406250e+02
1.799316406250000000e+02
1.794755554199218750e+02
1.794471282958984375e+02
1.713314971923828125e+02
1.753031158447265625e+02
1.782670288085937500e+02
1.769519958496093750e+02
1.729926452636718750e+02
1.749248809814453125e+02
1.777400512695312500e+02
1.784861907958984375e+02
1.740129089355468750e+02
1.785238800048828125e+02
1.790162811279296875e+02
1.734392547607421875e+02
1.743137512207031250e+02
1.689719085693359375e+02
1.629846801757812500e+02
1.527445373535156250e+02
1.554452972412109375e+02
1.492777557373046875e+02
1.596956481933593750e+02
1.504216918945312500e+02
1.501019897460937500e+02
1.513719635009765625e+02
1.554698638916015625e+02
1.524652099609375000e+02
1.594812316894531250e+02
1.524340667724609375e+02
1.459711761474609375e+02
1.449599609375000000e+02
1.430775909423828125e+02
1.404660949707031250e+02
1.464427947998046875e+02
1.507778320312500000e+02
1.628989562988281250e+02
1.653561401367187500e+02
1.570999450683593750e+02
1.586286773681640625e+02
1.681610412597656250e+02
1.702302703857421875e+02
1.734092407226562500e+02
1.699864807128906250e+02
1.651033782958984375e+02
1.641520233154296875e+02
1.678435363769531250e+02
1.694367370605468750e+02
1.644771575927734375e+02
1.696695098876953125e+02
1.649691009521484375e+02
1.636120147705078125e+02
1.632970275878906250e+02
1.664490814208984375e+02
1.695684661865234375e+02
1.707301483154296875e+02
1.671895599365234375e+02
1.715180206298828125e+02
1.657165374755859375e+02
1.686495971679687500e+02
1.656084747314453125e+02
1.637516784667968750e+02
1.577655334472656250e+02
1.575238952636718750e+02
1.511662292480468750e+02
1.512129821777343750e+02
1.507286529541015625e+02
1.385213775634765625e+02
1.403407897949218750e+02
1.424487609863281250e+02
1.334286499023437500e+02
1.344709777832031250e+02
1.367092285156250000e+02
1.389610595703125000e+02
1.346571197509765625e+02
1.356492309570312500e+02
1.361775512695312500e+02
1.345581054687500000e+02
1.352097167968750000e+02
1.309594726562500000e+02
1.287506408691406250e+02
1.281547393798828125e+02
1.327570648193359375e+02
1.297011718750000000e+02
1.283080291748046875e+02
1.276158676147460938e+02
1.243586502075195312e+02
1.240077896118164062e+02
1.280411987304687500e+02
1.281325073242187500e+02
1.319036865234375000e+02
1.332132415771484375e+02
1.378145751953125000e+02
1.377623901367187500e+02
1.353765563964843750e+02
1.452868194580078125e+02
1.571468353271484375e+02
1.584834899902343750e+02
1.638566589355468750e+02
1.747911529541015625e+02
1.815551910400390625e+02
1.761651153564453125e+02
1.701259918212890625e+02
1.658561553955078125e+02
1.638941955566406250e+02
1.656417388916015625e+02
1.641382293701171875e+02
1.721760101318359375e+02
1.685407409667968750e+02
1.669761810302734375e+02
1.524874420166015625e+02
1.554519805908203125e+02
1.580881347656250000e+02
1.703915863037109375e+02
1.677734375000000000e+02
1.684250793457031250e+02
1.676401519775390625e+02
1.762453918457031250e+02
1.783259582519531250e+02
1.776551361083984375e+02
1.762457580566406250e+02
1.764510040283203125e+02
1.772145996093750000e+02
1.750640716552734375e+02
1.713498840332031250e+02
1.716782989501953125e+02
1.711240234375000000e+02
1.695271759033203125e+02
1.707273712158203125e+02
1.697227935791015625e+02
1.725112304687500000e+02
1.669674987792968750e+02
1.567601623535156250e+02
1.584709320068359375e+02
1.638506927490234375e+02
1.689122161865234375e+02
1.721043090820312500e+02
1.734960174560546875e+02
1.523955841064453125e+02
1.498675994873046875e+02
1.541567687988281250e+02
1.546371154785156250e+02
1.452540740966796875e+02
1.495846099853515625e+02
1.548109741210937500e+02
1.647133941650390625e+02
1.604052429199218750e+02
1.581111755371093750e+02
1.578231048583984375e+02
1.654514923095703125e+02
1.743935852050781250e+02
1.786245117187500000e+02
1.854477691650390625e+02
1.844354553222656250e+02
1.841138610839843750e+02
1.836344299316406250e+02
1.827666168212890625e+02
1.811206512451171875e+02
1.810108184814453125e+02
1.808573760986328125e+02
1.775472106933593750e+02
1.801795959472656250e+02
1.785325622558593750e+02
1.731263275146484375e+02
1.637095031738281250e+02
1.423347167968750000e+02
1.440155029296875000e+02
1.305327606201171875e+02
1.284006652832031250e+02
1.457283020019531250e+02
1.326851654052734375e+02
1.269267044067382812e+02
1.269322814941406250e+02
1.220131607055664062e+02
1.225573577880859375e+02
1.270195083618164062e+02
1.294611816406250000e+02
1.254683761596679688e+02
1.251665039062500000e+02
1.284737854003906250e+02
1.249585189819335938e+02
1.318311157226562500e+02
1.295738525390625000e+02
1.265085372924804688e+02
1.248597412109375000e+02
1.290971679687500000e+02
1.307735900878906250e+02
1.308579559326171875e+02
1.324765625000000000e+02
1.355160827636718750e+02
1.294135437011718750e+02
1.297373352050781250e+02
1.303480072021484375e+02
1.326849670410156250e+02
1.277257308959960938e+02
1.282872009277343750e+02
1.281350708007812500e+02
1.290072174072265625e+02
1.300292510986328125e+02
1.283526458740234375e+02
1.347882690429687500e+02
1.339175262451171875e+02
