1.249234687117868248e+02
1.247511069700487383e+02
1.247929571929877000e+02
1.247377720606244651e+02
1.247862893779681315e+02
1.246878409312330547e+02
1.246370505544040697e+02
1.246766303257972197e+02
1.248278523844113863e+02
1.249834743114938362e+02
1.249393579263832521e+02
1.247467121801994949e+02
1.248658737403741270e+02
1.249004867939211465e+02
1.249667371734076937e+02
1.248233147755591403e+02
1.248861585683796420e+02
1.242619685875878730e+02
1.241804013965499820e+02
1.241666412353515625e+02
1.241782723678158646e+02
1.241914662007954036e+02
1.242944573628826959e+02
1.243483636269101851e+02
1.243907486318655486e+02
1.244930700575010150e+02
1.246259377123847543e+02
1.247254037359374763e+02
1.247248317736255956e+02
1.248462811144177635e+02
1.248400009215649220e+02
1.248685431723495185e+02
1.247455250186839066e+02
1.246567617043480283e+02
1.245725610144946671e+02
1.246053872520144523e+02
1.245270376117050546e+02
1.244598207161112100e+02
1.246070953151315734e+02
1.245866910709486319e+02
1.246083854559426953e+02
1.246580457714052983e+02
1.246740284257290625e+02
1.246510525473022426e+02
1.246466283495035583e+02
1.246534788232335984e+02
1.247272580152419579e+02
1.247346795590940474e+02
1.246496256955569635e+02
1.245645727242097109e+02
1.245938253296750275e+02
1.246603292626486450e+02
1.246583330565309922e+02
1.246217973338974190e+02
1.246813054348284737e+02
1.247714999589138074e+02
1.248542677232680376e+02
1.247799191425723109e+02
1.247468099779310080e+02
1.247382462595198263e+02
1.247365355884631981e+02
1.248066087954871080e+02
1.248194496033197822e+02
1.247657925519326909e+02
1.246663230625656240e+02
1.245471571787018092e+02
1.245467288589527755e+02
1.246449159626972545e+02
1.245473016791394940e+02
1.244920724176946010e+02
1.245216166319747941e+02
1.244685254691457317e+02
1.244835113072229262e+02
1.245681385667606520e+02
1.246570463815342151e+02
1.246646080678198132e+02
1.245654267557682715e+02
1.251793657070240613e+02
1.252388747001449474e+02
1.255549789299910799e+02
1.255298598056994024e+02
1.254978962128015496e+02
1.255177328869917801e+02
1.255334325455640396e+02
1.256530198861781855e+02
1.255595459811077603e+02
1.255298598056994024e+02
1.255147926410875812e+02
1.254796352831134527e+02
1.255842515410976148e+02
1.255975967793349355e+02
1.255991749945166021e+02
1.255267058460156022e+02
1.256514129836619418e+02
1.257530162479556566e+02
1.257547355663906501e+02
1.257776984737499220e+02
1.257914737474859521e+02
1.258899230520958668e+02
1.260549541503996807e+02
1.260317075266740403e+02
1.261948755953500267e+02
1.261607185880667998e+02
1.260982935754271352e+02
1.262258717799507508e+02
1.263303451503019232e+02
1.263666541194583601e+02
1.263411075676074802e+02
1.264893495749249723e+02
1.265445986361211226e+02
1.265054238159664237e+02
1.263477114194791397e+02
1.262462482976189335e+02
1.263386674970487320e+02
1.263266157968068910e+02
1.263366599326682262e+02
1.263045129604450381e+02
1.262090826889644291e+02
1.262010433722841185e+02
1.261457941738279942e+02
1.261538317061286421e+02
1.262080772596544875e+02
1.263165707001257374e+02
1.264120019324261648e+02
1.264712702401825482e+02
1.264672493465026264e+02
1.265225019764581020e+02
1.267173853347388786e+02
1.266551022489123852e+02
1.266591206719127740e+02
1.266239615295589829e+02
1.266420425114210957e+02
1.267656014693844782e+02
1.266520874708422753e+02
1.265978431526561963e+02
1.264280737027880832e+02
1.265626831867425608e+02
1.265134606619672013e+02
1.265918146945957687e+02
1.268399395496921898e+02
1.268238661322105827e+02
1.268881548607779450e+02
1.270237715584220268e+02
1.269594792610953391e+02
1.269363781329421954e+02
1.266802145102053601e+02
1.267334554579811083e+02
1.266792108652750812e+02
1.266320000226794491e+02
1.266159230364385166e+02
1.266149141756292238e+02
1.266411607533477763e+02
1.267673589460922585e+02
1.267653384792741917e+02
1.268935535700774153e+02
1.269197993242361235e+02
1.269682567619161091e+02
1.270873819481976170e+02
1.272256914120126794e+02
1.272297296004493319e+02
1.272307403828982615e+02
1.273054435747369553e+02
1.273276571798978694e+02
1.272620367550622404e+02
1.273872189494787790e+02
1.273993329657488403e+02
1.274245715062179443e+02
1.275053377456305270e+02
1.270651719117960283e+02
1.269823912450042371e+02
1.270682039846228690e+02
1.270066201011042040e+02
1.269692664462852463e+02
1.272731435576426975e+02
1.273165503773174123e+02
1.273397711961679306e+02
1.273367435156602596e+02
1.272590057803151922e+02
1.273316937212148332e+02
1.273528932496874404e+02
1.272690993297671866e+02
1.272791961734585584e+02
1.274387051657462280e+02
1.273488567083704766e+02
1.269571516064553407e+02
1.272479014484142681e+02
1.271832918060275688e+02
1.272479014484142681e+02
1.270894051602151649e+02
1.271620878852357919e+02
1.271338216642590169e+02
1.271338216642590169e+02
1.270459895559021106e+02
1.272529512428596945e+02
1.272751604557014389e+02
1.272458809815962013e+02
1.271530015494734016e+02
1.270459895559021106e+02
1.269238383362326203e+02
1.267946160317397926e+02
1.269369568209928048e+02
1.271479597161064703e+02
1.274215430021504289e+02
1.274740380792271708e+02
1.276597977670326145e+02
1.276991691434701579e+02
1.276880648115692338e+02
1.278526208531028487e+02
1.279131906599332069e+02
1.278768488856429713e+02
1.279798226907776098e+02
1.281211587370205507e+02
1.280403968899271376e+02
1.280666451147653788e+02
1.280980729819845010e+02
1.281295079867222739e+02
1.281112565279723867e+02
1.281994677483776286e+02
1.283566265753895550e+02
1.285158091634589255e+02
1.286537068473518275e+02
1.286344429590333220e+02
1.287845021511473078e+02
1.287033861733208369e+02
1.288696719650474733e+02
1.288858938978210062e+02
1.291049042653010019e+02
1.290004697395224866e+02
1.291424174162098097e+02
1.291353205265113502e+02
1.287439462211336831e+02
1.286993312391673498e+02
1.288311397960912927e+02
1.287865330497234027e+02
1.287368501549950679e+02
1.284732270017083238e+02
1.286476229362618824e+02
1.284276004137332166e+02
1.283941427460177920e+02
1.282025091548827049e+02
1.280504201622724167e+02
1.279003628917980677e+02
1.281700636422159505e+02
1.284985753501566705e+02
1.284103657768711173e+02
1.285279794563183486e+02
1.284874218791850353e+02
1.284336835012633173e+02
1.286344429590333220e+02
1.286263317181266075e+02
1.284853953729281102e+02
1.282684170021040018e+02
1.281619559700685613e+02
1.278496642732617374e+02
1.278506783499500443e+02
1.280017532658720256e+02
1.284215200714025968e+02
1.284336835012633173e+02
1.281538414349224695e+02
1.282521904024913511e+02
1.282096046719814240e+02
1.279074564872571500e+02
1.278233015736051357e+02
1.281001038805605958e+02
1.281842604413322988e+02
1.284732270017083238e+02
1.285320357630715762e+02
1.285442024871716740e+02
1.281426863168311456e+02
1.287682771986543457e+02
1.291322771983666371e+02
1.289558558556359458e+02
1.291049042653010019e+02
1.291069335167574081e+02
1.291991974751565522e+02
1.292857212214407809e+02
1.291829118537550585e+02
1.292633297273534936e+02
1.294974507708570854e+02
1.297885769796648674e+02
1.299494105307021528e+02
1.300125237648517214e+02
1.300888639191409766e+02
1.301794609924152155e+02
1.301519777023304414e+02
1.302588609460460702e+02
1.306151362289385816e+02
1.305306472245097211e+02
1.301865880793079668e+02
1.303525090340235693e+02
1.301529934261384369e+02
1.302171267764151708e+02
1.302446078703403600e+02
1.301611395310785610e+02
1.299443220289440433e+02
1.299636603121684857e+02
1.300186318336970999e+02
1.297509155879840819e+02
1.295198444611039577e+02
1.297448053229791185e+02
1.296572636567273094e+02
1.297957018703980339e+02
1.300084487907420225e+02
1.301540135422656022e+02
1.300552709130911353e+02
1.298924075615575475e+02
1.300257539792307853e+02
1.299728215918767091e+02
1.296358856902884327e+02
1.297234301017397229e+02
1.296226565739891612e+02
1.299402492509939293e+02
1.297427705811237502e+02
1.297244474726674071e+02
1.298333660072783005e+02
1.300400076039763917e+02
1.299036008379216582e+02
1.298618716096498247e+02
1.299595880832582679e+02
1.300145568595874010e+02
1.299891099584776839e+02
1.299331260073804515e+02
1.299819823225450364e+02
1.299198864593231519e+02
1.297753462162459073e+02
1.300654528579664202e+02
1.299952169292432700e+02
1.301692823417793079e+02
1.302761639383752481e+02
1.303382576054375477e+02
1.305795073829535795e+02
1.303667599135696946e+02
1.301713192797942611e+02
1.298160586226299529e+02
1.302028726026296681e+02
1.301774240544002623e+02
1.298822267147620551e+02
1.298018110373232048e+02
1.298805197497247264e+02
1.301217519579640793e+02
1.299888678318834536e+02
1.299428720145781426e+02
1.299571799942734742e+02
1.302577013737852667e+02
1.302393019487833499e+02
1.303844532732650805e+02
1.303721855258240794e+02
1.303711654096969141e+02
1.305071126293585166e+02
1.306246664634570607e+02
1.303261886104389760e+02
1.305735530452791409e+02
1.305469767691029119e+02
1.303936524367261427e+02
1.304202265167427868e+02
1.303609444829889981e+02
1.303772937930184526e+02
1.302996139813824357e+02
1.302270374955817260e+02
1.301401535791255810e+02
1.301013101045482472e+02
1.302505490310572895e+02
1.302209025237814330e+02
1.300757561406587683e+02
1.300502005296496009e+02
1.301197073333905792e+02
1.300890423571072461e+02
1.301483282341403083e+02
1.300174914778326638e+02
1.301207296456773292e+02
1.300614432196043708e+02
1.301718386715360793e+02
1.301094847595629744e+02
1.300328250640541228e+02
1.298058975412707241e+02
1.298978952153202044e+02
1.300174914778326638e+02
1.300011383245239358e+02
1.299561582310266203e+02
1.299244731386161220e+02
1.296055517850625165e+02
1.293500104990480395e+02
1.296781244275839526e+02
1.299214056527159755e+02
1.299162957384019137e+02
1.300399790539017886e+02
1.302127267706869134e+02
1.303261886104389760e+02
1.305766249234984571e+02
1.304416945257246425e+02
1.298764321476974146e+02
1.298702971758971216e+02
1.298028311534503700e+02
1.296259958346379335e+02
1.296883470014115574e+02
1.296484834107070583e+02
1.295851104806865806e+02
1.294757367920017259e+02
1.291833939107839342e+02
1.287949652044494542e+02
1.288726527026440181e+02
1.288983214158718056e+02
1.289383639935824704e+02
1.293696260474200699e+02
1.287299251147841233e+02
1.289096140684571310e+02
1.289003720798841641e+02
1.289835488789610736e+02
1.291067638634294781e+02
1.290389931238403278e+02
1.288860015096406642e+02
1.286436712216088836e+02
1.279362036671830083e+02
1.276651286699049024e+02
1.277287892968309961e+02
1.283397370101022261e+02
1.286713974618477323e+02
1.287093885519861942e+02
1.286549674429535344e+02
1.281374580844194497e+02
1.286118417317056810e+02
1.284095628060229046e+02
1.282966112988543728e+02
1.286087629904876621e+02
1.283869703633336030e+02
1.286354606044809543e+02
1.288038558074888442e+02
1.289168026478182583e+02
1.290164012301909224e+02
1.290297527823870496e+02
1.287740780796777926e+02
1.287258185708803921e+02
1.289065339546393716e+02
1.287206823026513121e+02
1.288151501071938583e+02
1.288849715107953671e+02
1.288551937829843155e+02
1.286221082287249828e+02
1.282750485804904201e+02
1.284023739521418292e+02
1.283284460046365894e+02
1.284105881380290839e+02
1.284516596165052533e+02
1.285060834707373942e+02
1.284516596165052533e+02
1.283202309951894904e+02
1.285892509361360680e+02
1.285358587278689129e+02
1.285553672134611816e+02
1.283931344342483953e+02
1.285625535966627240e+02
1.284783572304985455e+02
1.285492072603456108e+02
1.287586750399094626e+02
1.287576469627038023e+02
1.289363144276499042e+02
1.293039098151225517e+02
1.289137192397611216e+02
1.288387654112098062e+02
1.293234183007148204e+02
1.294527962580182248e+02
1.293470330556908721e+02
1.295195375478019741e+02
1.296622632140222322e+02
1.296037355610858413e+02
1.295459853486424890e+02
1.295604234507932233e+02
1.295098964072244598e+02
1.291180389467381247e+02
1.290499810592832546e+02
1.290097622397659052e+02
1.286612174386120842e+02
1.288509601363446109e+02
1.288004319946960550e+02
1.291716631243614302e+02
1.293253113902769655e+02
1.293789339207805824e+02
1.292191007204341986e+02
1.293356223595278607e+02
1.292479692381771201e+02
1.292252856548650470e+02
1.292758148945933954e+02
1.291768180599469815e+02
1.290675091579698801e+02
1.289561413563819769e+02
1.293510921076435807e+02
1.292737483084240466e+02
1.292685939218783915e+02
1.289994523685948025e+02
1.290561681898736879e+02
1.287478400120776314e+02
1.286756547172029741e+02
1.284704433694345198e+02
1.285580997850246376e+02
1.283147348313084422e+02
1.280105324138124843e+02
1.281445854458321492e+02
1.281342731039815135e+02
1.282765784801612199e+02
1.282167726623464432e+02
1.280919953848533623e+02
1.282899860344267609e+02
1.281435568195865926e+02
1.279311280678624598e+02
1.279404090382680579e+02
1.276681744687291484e+02
1.274609012016304632e+02
1.270226424578754632e+02
1.270752316952944057e+02
1.272371295601705015e+02
1.273845901464557073e+02
1.271195740789522688e+02
1.273392207836719763e+02
1.270927641863002009e+02
1.270442935716627062e+02
1.270576994788085585e+02
1.270071746313993799e+02
1.275351467687156628e+02
1.273309703611515715e+02
1.273876817901112872e+02
1.267101879707394119e+02
1.267792755825196309e+02
1.271144161236472883e+02
1.270205761462260625e+02
1.268194955001167727e+02
1.270123290179450350e+02
1.270921635366537430e+02
1.268246674559391067e+02
1.269273115626160688e+02
1.269252383879679655e+02
1.268505870803994640e+02
1.267914897985707512e+02
1.268215585175267961e+02
1.270963065917105723e+02
1.272497550071038859e+02
1.270569102339577512e+02
1.270341003714695489e+02
1.271211893543269298e+02
1.268941341797676614e+02
1.270403201699338069e+02
1.271087483847986732e+02
1.271243035086182545e+02
1.271014914499704673e+02
1.274996244364705262e+02
1.275224307301994031e+02
1.276001928978198521e+02
1.277567483299858395e+02
1.276385507466089848e+02
1.275514625873114483e+02
1.275607937948675499e+02
1.275659759079279638e+02
1.276789880840050273e+02
1.277059451193492805e+02
1.279195263058155660e+02
1.280636407684532969e+02
1.280460141171053010e+02
1.280584561847133500e+02
1.280574176757496616e+02
1.281414004653942129e+02
1.280802283617977082e+02
1.280325357366931485e+02
1.279827724076200184e+02
1.282409331629793314e+02
1.284358491891339327e+02
1.283767530053850123e+02
1.284804347974658185e+02
1.285975905776396075e+02
1.284617704607139785e+02
1.285810013371755076e+02
1.283300953204848156e+02
1.283425379371327608e+02
1.283798611202374786e+02
1.285270880900468455e+02
1.286929741807290384e+02
1.286991956263129850e+02
1.284659159864503408e+02
1.282201956515793881e+02
1.281610994678304678e+02
1.281839082322388776e+02
1.280636407684532969e+02
1.280335739711368888e+02
1.279713652802163324e+02
1.278956798560033121e+02
1.272186497008237893e+02
1.269086483239440213e+02
1.267956380695065945e+02
1.267852675294269602e+02
1.269449365668443761e+02
1.268422957544067913e+02
1.268026572700597399e+02
1.267484143244734014e+02
1.267557146334534082e+02
1.268214311402708745e+02
1.267265106523339000e+02
1.265001544055625118e+02
1.265189301974132832e+02
1.268694147565204275e+02
1.268287341944503623e+02
1.269403463187920806e+02
1.269027947350905379e+02
1.270091934510977580e+02
1.271354070169593342e+02
1.272887445262936126e+02
1.274681592345384615e+02
1.275505643580412425e+02
1.275443050287044571e+02
1.274931946302459664e+02
1.273471599005712278e+02
1.272699662637633082e+02
1.272908317014590693e+02
1.273648886733399195e+02
1.274066168035319606e+02
1.273972304174662895e+02
1.274712882129069840e+02
1.273857557581553692e+02
1.272303310736556341e+02
1.272428483597294644e+02
1.272094692047191984e+02
1.272522347457951355e+02
1.270206661887690416e+02
1.269966725962646024e+02
1.270811668165724768e+02
1.270436133112312973e+02
1.271009841371063658e+02
1.268193467103048988e+02
1.266774827622017483e+02
1.268391651289185802e+02
1.269236566040269736e+02
1.270488283666854841e+02
1.270790804649668644e+02
1.269852006821531631e+02
1.270415264105857887e+02
1.270842963439808955e+02
1.271614847649098010e+02
1.271927803135139357e+02
1.272386759310381876e+02
1.271813007128439494e+02
1.273815825059042481e+02
1.273805407027011825e+02
1.274900629066779629e+02
1.274942372570088764e+02
1.275036236430745475e+02
1.274483399923649358e+02
1.273680201223879749e+02
1.272303310736556341e+02
1.271604421381468910e+02
1.278155150897970316e+02
1.279605044475093791e+02
1.279469453582324832e+02
1.281388789996708510e+02
1.279751086342287181e+02
1.281117567033178375e+02
1.281799287910711200e+02
1.283487775010332825e+02
1.284421164795492132e+02
1.284882602631065538e+02
1.284033128103643548e+02
1.283959702253123396e+02
1.284221907236358220e+02
1.285585299577833212e+02
1.285480400015262603e+02
1.285312596951782780e+02
1.285165783683535210e+02
1.285459434926825679e+02
1.284567994534936588e+02
1.284924568495532640e+02
1.284064582599297637e+02
1.283582143987694053e+02
1.282921448592986735e+02
1.282795583941979203e+02
1.281935587064946276e+02
1.282040486627516884e+02
1.282701225945415899e+02
1.283749974503168687e+02
1.283718520007514599e+02
1.284410702840269778e+02
1.281432219052499022e+02
1.278925657017119875e+02
1.281348303794761705e+02
1.283980692048355650e+02
1.287986942834245383e+02
1.291972236767296636e+02
1.291290499418566924e+02
1.289885209842611857e+02
1.289874712199796249e+02
1.289853711423766072e+02
1.290975883086839531e+02
1.288972776910291032e+02
1.289151072126187501e+02
1.289371303009356780e+02
1.290273221827665111e+02
1.288416928919364182e+02
1.289329361851685007e+02
1.288773513860758158e+02
1.289276906580000741e+02
1.289329361851685007e+02
1.290210296365160048e+02
1.290388580600258592e+02
1.292737823488976119e+02
1.293828546146794451e+02
1.293450982390966146e+02
1.294132675816504161e+02
1.294048788010761655e+02
1.293964889224221224e+02
1.293597817620809565e+02
1.293534897648703463e+02
1.293052428839905588e+02
1.294153660121337452e+02
1.294782892784792239e+02
1.291993188129736154e+02
1.290829086289788847e+02
1.290032023110859427e+02
1.289843235742546312e+02
1.287693291590954914e+02
1.287798166446730193e+02
1.286543711856262462e+02
1.285500129763933046e+02
1.287155130920284591e+02
1.287840310749163564e+02
1.287650600993824810e+02
1.284393276313963952e+02
1.282200666272037779e+02
1.283676458061065659e+02
1.286712374167179860e+02
1.286670207903150640e+02
1.286786181600427881e+02
1.288546606652450919e+02
1.288620397614502053e+02
1.288019550313681520e+02
1.288609850558095786e+02
1.288377930615536116e+02
1.288261989860652648e+02
1.287271085401165465e+02
1.286185337044806829e+02
1.286617530270308407e+02
1.285784746555731317e+02
1.286670207903150640e+02
1.287808702522338535e+02
1.288957733217134773e+02
1.290886790382880918e+02
1.290201616044400907e+02
1.292193955548584654e+02
1.292193955548584654e+02
1.292858046755050054e+02
1.293016219658750288e+02
1.293722471638845946e+02
1.294049221752279664e+02
1.294165211920753791e+02
1.293353494866994424e+02
1.293595939904364513e+02
1.294376037750500927e+02
1.293848964940534643e+02
1.293817356713709614e+02
1.292858046755050054e+02
1.293205923923690079e+02
1.293068878075196153e+02
1.293690819488829220e+02
1.295061239540975748e+02
1.296199701217769871e+02
1.296326205500256492e+02
1.297000854743926084e+02
1.296473776443560837e+02
1.296252387086210547e+02
1.297264366442113896e+02
1.297253863308899327e+02
1.297032462970751112e+02
1.297264366442113896e+02
1.297348731912566109e+02
1.297232752724889906e+02
1.299246158889891376e+02
1.299309402795536244e+02
1.299319949851942511e+02
1.298982630720506677e+02
1.298687466872302139e+02
1.306488126890526473e+02
1.306256206947966803e+02
1.306836015039964423e+02
1.308111528055651434e+02
1.309418693221355170e+02
1.309956258183738100e+02
1.310962066331208007e+02
1.310644435770450400e+02
1.311883141151495238e+02
1.313714705302870698e+02
1.314233465648808306e+02
1.314064059388831538e+02
1.314455826806774894e+02
1.315493336517852185e+02
1.315927412950197777e+02
1.315313388691868113e+02
1.315450994561056177e+02
1.315736852183019892e+02
1.315800348647017017e+02
1.318764752306649370e+02
1.317886024933557110e+02
1.318754199759844141e+02
1.318288344898305695e+02
1.318478900175084618e+02
1.317928388851948966e+02
1.317589598293591280e+02
1.318076596681532919e+02
1.318140142559120704e+02
1.317917830814744775e+02
1.319474166756547220e+02
1.319717622027326343e+02
1.318976555427411768e+02
1.320532836465224591e+02
1.318817745637431926e+02
1.320490489018029621e+02
1.319961165144488859e+02
1.319664683600533408e+02
1.319918746322107381e+02
1.323010230756117380e+02
1.323349037785671953e+02
1.323147825644507520e+02
1.322861973512942768e+02
1.322904320960137738e+02
1.324037149487596707e+02
1.323243111518495425e+02
1.322861973512942768e+02
1.322523160992989233e+02
1.322343202186207236e+02
1.320712817233602436e+02
1.320892759569187547e+02
1.320098792975272772e+02
1.320924620354364833e+02
1.320257558842060917e+02
1.319706992614935643e+02
1.321570401080291504e+02
1.321390348936727150e+02
1.322840808024943726e+02
1.323783081275623772e+02
1.322883155472138696e+02
1.322999656247716302e+02
1.322851366062147918e+02
1.325953474418149654e+02
1.326938078644827783e+02
1.326461583390100714e+02
1.325900497558563984e+02
1.328473177723444678e+02
1.332760926754522188e+02
1.333798469407993252e+02
1.333025635359683747e+02
1.334428898978421785e+02
1.336714563047157753e+02
1.336289298705146393e+02
1.336044855162554086e+02
1.330495500296360660e+02
1.332930003590561228e+02
1.333482815390862015e+02
1.334471405647186657e+02
1.334269424850167525e+02
1.333780460899397440e+02
1.334343874660094116e+02
1.334067487976340090e+02
1.334131242489088436e+02
1.333163856153555571e+02
1.333610324416358708e+02
1.336023563395378915e+02
1.334407662115236235e+02
1.334960457444340136e+02
1.335938473192263700e+02
1.335534555521417133e+02
1.329145394720374043e+02
1.325360840754176479e+02
1.326604630244660257e+02
1.325084448580023491e+02
1.324159568913255498e+02
1.322012076224800694e+02
1.326338834540504195e+02
1.324924946999774420e+02
1.325839186273353789e+02
1.325584080375977010e+02
1.326275063556558962e+02
1.325786055682597180e+02
1.323564217501796065e+02
1.325796663133392030e+02
1.323511021026251910e+02
1.323872481441924265e+02
1.323319620228032818e+02
1.323946865367063310e+02
1.322501078608363514e+02
1.324042530078579603e+02
1.324978105042525840e+02
1.325477758800075208e+02
1.325701014893072625e+02
1.327859049147534733e+02
1.329209204137112010e+02
1.329761977504620063e+02
1.330314772833723964e+02
1.331314124272014396e+02
1.330591214421467612e+02
1.330516781082737907e+02
1.332451553753803637e+02
1.333142586347976248e+02
1.333908002867287905e+02
1.330825034042068182e+02
1.329698157107084171e+02
1.328879648429808640e+02
1.330282966952536299e+02
1.337820186647759328e+02
1.336151094382471456e+02
1.337022848948881801e+02
1.339595518132964571e+02
1.340945673122541848e+02
1.341987454364011683e+02
1.336533775190132474e+02
1.338839007040769502e+02
1.341368455804222322e+02
1.343236146780768649e+02
1.342542434871902515e+02
1.339244637716092257e+02
1.338860408615923916e+02
1.338550881884034425e+02
1.341293687551155926e+02
1.341507121320410079e+02
1.340749424302039188e+02
1.341379107178208869e+02
1.343097404398995423e+02
1.344634309818870861e+02
1.345103848738112902e+02
1.345797560646979036e+02
1.345850949286486866e+02
1.343748433946329897e+02
1.343566998222227085e+02
1.342873297294158874e+02
1.340066352786361676e+02
1.343129424405742611e+02
1.342446385832458873e+02
1.341154967130978548e+02
1.339692829964169505e+02
1.341400464830171586e+02
1.340109068090287110e+02
1.340173119084579412e+02
1.337334209474024647e+02
1.334473931230709240e+02
1.332873084624520743e+02
1.331442945502863040e+02
1.334207163725936880e+02
1.335370502400428450e+02
1.334356557481696655e+02
1.335253029824234545e+02
1.334922211325169883e+02
1.335637236962807037e+02
1.334569980270152882e+02
1.336608499520007172e+02
1.336512428518967681e+02
1.337088711774831609e+02
1.337152795711517683e+02
1.337846474677990045e+02
1.337259463182554100e+02
1.338316134386009253e+02
1.341400464830171586e+02
1.342030136725543343e+02
1.341272351860789058e+02
1.337238127492187232e+02
1.337526296572114006e+02
1.337440931849050685e+02
1.338433486173425990e+02
1.337697091903028195e+02
1.338764326634086501e+02
1.344783670632236863e+02
1.348700466347836482e+02
1.351176537452579396e+02
1.348881924033535142e+02
1.350184005089799939e+02
1.354869269986534164e+02
1.356737004886272189e+02
1.357334612851705060e+02
1.358860855916796027e+02
1.358476582893435989e+02
1.357855377193263848e+02
1.357105564387802588e+02
1.354288649315490147e+02
1.351867965355477281e+02
1.354031588836082847e+02
1.353014020254036041e+02
1.352831947643653621e+02
1.356216668795832447e+02
1.358165925139360297e+02
1.358176620436538542e+02
1.357234160512293784e+02
1.356141615042020021e+02
1.352296370205694984e+02
1.354834922050627029e+02
1.353977991561414456e+02
1.352639124832103334e+02
1.352467747518899159e+02
1.351792999448048249e+02
1.352124992892490809e+02
1.352178568205563352e+02
1.355713199211004394e+02
1.354674218073005250e+02
1.355284728475999145e+02
1.355231186105320376e+02
1.357105564387802588e+02
1.359729777437341909e+02
1.357716085771594408e+02
1.357512655509249271e+02
1.358219577318018310e+02
1.358219577318018310e+02
1.353463914525791552e+02
1.353496033359720059e+02
1.354010110395342963e+02
1.352028636390705287e+02
1.355274011217225052e+02
1.355241914344892393e+02
1.356098800910913269e+02
1.358208860059244216e+02
1.357512655509249271e+02
1.357491220991701084e+02
1.357448329995008862e+02
1.358508734669758269e+02
1.360447416504885041e+02
1.359483445197506626e+02
1.362600344688312362e+02
1.362771689059122764e+02
1.361914780531506040e+02
1.360350994118311974e+02
1.360393874134206271e+02
1.357373397029973603e+02
1.354042284133261091e+02
1.354470699964276719e+02
1.350668324163048055e+02
1.349607930469096573e+02
1.350100649852756760e+02
1.350475523313093618e+02
1.342677970860681853e+02
1.338382864694995078e+02
1.345387812172434678e+02
1.341649674039063029e+02
1.336947597540706738e+02
1.338980165198086070e+02
1.345755592037312454e+02
1.347508676425923113e+02
1.350767272133143706e+02
1.356811377830613310e+02
1.356209026160477151e+02
1.355585338799974124e+02
1.354746449761751137e+02
1.356284409338227306e+02
1.359510754441944300e+02
1.363242611558903263e+02
1.362618902236804388e+02
1.362328547978090683e+02
1.358973046729188354e+02
1.360274381091194300e+02
1.360930373959190547e+02
1.360769120941672554e+02
1.359005308313489877e+02
1.361059398334800790e+02
1.364328854051168491e+02
1.366200135748636058e+02
1.364318092869202701e+02
1.362672631281047870e+02
1.362898506294350227e+02
1.362220969100826551e+02
1.359295695514597355e+02
1.359231183326792234e+02
1.354961541631491855e+02
1.352358949773065433e+02
1.348153875169559797e+02
1.356574774577738935e+02
1.351810447935949924e+02
1.349810130882074191e+02
1.351208206073793008e+02
1.350025211771016984e+02
1.351864231884183027e+02
1.355327191221572321e+02
1.356607014200444610e+02
1.351853503644611010e+02
1.353649511972307664e+02
1.357090992868957073e+02
1.356219809304038790e+02
1.358048167062420362e+02
1.358682692470474649e+02
1.359854947552880731e+02
1.362457572353700925e+02
1.362027388614219490e+02
1.356607014200444610e+02
1.348992808130974481e+02
1.348476545916564646e+02
1.346002989414546391e+02
1.346766550179008846e+02
1.347379575184727400e+02
1.345336202422190581e+02
1.348498035338102454e+02
1.352627825591039255e+02
1.360661564026004271e+02
1.361005647328961459e+02
1.368469372543677309e+02
1.369899786185283119e+02
1.370856949397948483e+02
1.372265763810037242e+02
1.375147948745211579e+02
1.374370705906535477e+02
1.373895632665139601e+02
1.372049551898908248e+02
1.373928047980612064e+02
1.372643338546663472e+02
1.371909162397446380e+02
1.373334305256048538e+02
1.372826849641573972e+02
1.374122441046265521e+02
1.373895632665139601e+02
1.374359922762973838e+02
1.373625735632958822e+02
1.373193937716182518e+02
1.372513787092752864e+02
1.376152076830599071e+02
1.377868595162121892e+02
1.379466411068083289e+02
1.380189771131344969e+02
1.379628421760658057e+02
1.377728260564649645e+02
1.377220826911770928e+02
1.378354451547079407e+02
1.376648661455128604e+02
1.376756635641118010e+02
1.374640591957918332e+02
1.374532628752726851e+02
1.371239794917578365e+02
1.372114305664267704e+02
1.370991519076510485e+02
1.370408570476306522e+02
1.367439560371944935e+02
1.369879526613112830e+02
1.369588008389819151e+02
1.371034662631554966e+02
1.370613614915946528e+02
1.372848426909495174e+02
1.369328927443593784e+02
1.370926754330353106e+02
1.373701338426667462e+02
1.376519099020420072e+02
1.376270801217756343e+02
1.373604224249825165e+02
1.377004933443781738e+02
1.377328801097760334e+02
1.376875425913062827e+02
1.377458385494064714e+02
1.376324804781947932e+02
1.377922620687909330e+02
1.377447602350503075e+02
1.377631113445413575e+02
1.379131771251340979e+02
1.381096675231910922e+02
1.380438123837998319e+02
1.376950973802781846e+02
1.375795793861148013e+02
1.376206003529205191e+02
1.388308402115062563e+02
1.394667349250617008e+02
1.395315139462563820e+02
1.396481102547759292e+02
1.394365036902963766e+02
1.394516187586391425e+02
1.396275981242533817e+02
1.395604274852707931e+02
1.397056002223084761e+02
1.398009388041264174e+02
1.398540309620902917e+02
1.401877143513333976e+02
1.406492416804098866e+02
1.404195618206267682e+02
1.403740551978689837e+02
1.403751422968634870e+02
1.404228121368123539e+02
1.404953985053311953e+02
1.406882443765571225e+02
1.408789215401930051e+02
1.412342722399002923e+02
1.414563698587166982e+02
1.417380503851500180e+02
1.418171450725985778e+02
1.416557119699946270e+02
1.412472757008022199e+02
1.410522644162256256e+02
1.407304951927303591e+02
1.413285292131226925e+02
1.410273467895758586e+02
1.416058789128546778e+02
1.413274443102877740e+02
1.406817415480263662e+02
1.407207486364927718e+02
1.407348293136710708e+02
1.409146706259152779e+02
1.406579022357327631e+02
1.409970101391504613e+02
1.411486889989582778e+02
1.409569214420885146e+02
1.414476983225958975e+02
1.415332903481762514e+02
1.416979660804072410e+02
1.419168111868784763e+02
1.422190807094198135e+02
1.417770486889780841e+02
1.413761979549917669e+02
1.413198653635604387e+02
1.416557119699946270e+02
1.405170625215559994e+02
1.403101381693113581e+02
1.411400196589970619e+02
1.406254078585152456e+02
1.411443493876186039e+02
1.410403403677596543e+02
1.404802318272381854e+02
1.408366685278601835e+02
1.409818368725786968e+02
1.412071891998998581e+02
1.403794731235648214e+02
1.408897529992655109e+02
1.405105640853444129e+02
1.400707062628916901e+02
1.401855478399029380e+02
1.407879148831561906e+02
1.411519360209044862e+02
1.395550062653355781e+02
1.389168890382802601e+02
1.391530706285143424e+02
1.398226072126703912e+02
1.397432445937524790e+02
1.393061978555683709e+02
1.381864057314051024e+02
1.379754964475937413e+02
1.373851621627059103e+02
1.378863532319646765e+02
1.381168313957568898e+02
1.372829649745044662e+02
1.363175518883585937e+02
1.362958088103887349e+02
1.358076662233033858e+02
1.360609767602195461e+02
1.360196659003486275e+02
1.367480738364160970e+02
1.365969549973024186e+02
1.364914998063568419e+02
1.371699022867569511e+02
1.362860249194382050e+02
1.360718532405635415e+02
1.353945444476366902e+02
1.355152201225851059e+02
1.354097649316395291e+02
1.354608574863013928e+02
1.356619839772420164e+02
1.350673045906155494e+02
1.348998781685045287e+02
1.351314467255306226e+02
1.345682844251064125e+02
1.341268947813432533e+02
1.334637138830257754e+02
1.330397167250948769e+02
1.341638605394755359e+02
1.340529610689191031e+02
1.340616655474336767e+02
1.342258273783218101e+02
1.342453951602228699e+02
1.325352687511717704e+02
1.331951801169072951e+02
1.331593074972083741e+02
1.334658891790945745e+02
1.337442106794428582e+02
1.337974796282533134e+02
1.336333145031258027e+02
1.333843479698684860e+02
1.337181170093354012e+02
1.339214209925044088e+02
1.340214351980785068e+02
1.341258076823487499e+02
1.337431202862089776e+02
1.338105259142671457e+02
1.336778910522994011e+02
1.342280015763108167e+02
1.340692752403951999e+02
1.338931487320887754e+02
1.350422925291036336e+02
1.351716715844868304e+02
1.351803639841236873e+02
1.356946013393962858e+02
1.360131466006209848e+02
1.360196659003486275e+02
1.356608935840081358e+02
1.356827387833986904e+02
1.355757363980255832e+02
1.357351457395720900e+02
1.356576246004660788e+02
1.357253234158288251e+02
1.356838291766325710e+02
1.357395106067469897e+02
1.358596163782831354e+02
1.357537054842237012e+02
1.359622462099227960e+02
1.360998136463181254e+02
1.361107351479336103e+02
1.361696921500688404e+02
1.359818996420476651e+02
1.361806158478439102e+02
1.362766989277611174e+02
1.362417580287660712e+02
1.361314833656115297e+02
1.359109307450630695e+02
1.359556939678013805e+02
1.366097080960116728e+02
1.368291681271666675e+02
1.369165148842553208e+02
1.371370631124846113e+02
1.373980118924368981e+02
1.376054633229819046e+02
1.374427762132550015e+02
1.376207452994531195e+02
1.383773903573828647e+02
1.379362906066849064e+02
1.376840759534015888e+02
1.374711692624478019e+02
1.376545969032940775e+02
1.376818940688540351e+02
1.378161903255477228e+02
1.379570344320436561e+02
1.382605634521069078e+02
1.384057823084958727e+02
1.384429050920384725e+02
1.385859354754011292e+02
1.389244031982998422e+02
1.388588950521229890e+02
1.389811794139673111e+02
1.387988443625145010e+02
1.387901080396859470e+02
1.388294160020154777e+02
1.388316000827226162e+02
1.392552304820028439e+02
1.393349357018159935e+02
1.394080864833481428e+02
1.397301807384619678e+02
1.396952420356265065e+02
1.394899779800280157e+02
1.393829755946549085e+02
1.394168261004160740e+02
1.389866379686154687e+02
1.400621017096382275e+02
1.399125201822339477e+02
1.401963990644117075e+02
1.398393661064624212e+02
1.392257503338155402e+02
1.392301162990702323e+02
1.389920998175030036e+02
1.386884928337744896e+02
1.374324257131315790e+02
1.377546671109375893e+02
1.380023719505134068e+02
1.379103056464768997e+02
1.377919315467734123e+02
1.371441720810607876e+02
1.375288788459388343e+02
1.371101909038043232e+02
1.367682312871656904e+02
1.366925966491430700e+02
1.366114924756743676e+02
1.365183291899252254e+02
1.366191669553436441e+02
1.362651449321851942e+02
1.360711438810176332e+02
1.367660351275808353e+02
1.370838864023767201e+02
1.373776304334096494e+02
1.379179790280663838e+02
1.381843127913207354e+02
1.384287343723171944e+02
1.383607786062830201e+02
1.383563939736718567e+02
1.382018524198451814e+02
1.383278988030583605e+02
1.388276942129009512e+02
1.387641197852385631e+02
1.389383938329351622e+02
1.388638583727847617e+02
1.388419417982076993e+02
1.385120358034505443e+02
1.389756615630103624e+02
1.389690818688941363e+02
1.387696013995623616e+02
1.391674631603536909e+02
1.392968004887047755e+02
1.394809341948575820e+02
1.394612038971472430e+02
1.389997710029329028e+02
1.391334918658153583e+02
1.393516023569054596e+02
1.391893841272499230e+02
1.393592735423353588e+02
1.395686224547616803e+02
1.394908026379521289e+02
1.393647507643399877e+02
1.396179383163193961e+02
1.392814526274460150e+02
1.397889247131174670e+02
1.399664798232338399e+02
1.399478498014755132e+02
1.397670004519818576e+02
1.398459194466636291e+02
1.400585505195895166e+02
1.399599045214367834e+02
1.404268168338153373e+02
1.399215453000479101e+02
1.394381859485383757e+02
1.382676153205338778e+02
1.386687625360641505e+02
1.388923590337972200e+02
1.393735255199612766e+02
1.391897893186933288e+02
1.391336774413002786e+02
1.400677524282500599e+02
1.393834236112102190e+02
1.392723023285357158e+02
1.397959996412200780e+02
1.402195828230692314e+02
1.402206820009414514e+02
1.404715306429629891e+02
1.404517245777469725e+02
1.393713216738178744e+02
1.397949004633478580e+02
1.395385537358056354e+02
1.396892805604334171e+02
1.400721546301379021e+02
1.400424515717527356e+02
1.397079863496974212e+02
1.400919552049549566e+02
1.405419406173332391e+02
1.405397400654292142e+02
1.406398618828229701e+02
1.409182163255650266e+02
1.416762537486715701e+02
1.416212476376294944e+02
1.411437586206902779e+02
1.412702793743737857e+02
1.413582937639762349e+02
1.415860366110055111e+02
1.413869031348881435e+02
1.410315370620637623e+02
1.411404555966746557e+02
1.410260334861441152e+02
1.413946061646320231e+02
1.412691801965015657e+02
1.411514583561947802e+02
1.417180642348480433e+02
1.417862780496334381e+02
1.411668633176027470e+02
1.413714992715599692e+02
1.420525261626639804e+02
1.420580286405038350e+02
1.417653750027047863e+02
1.420547256164882128e+02
1.423913891942879673e+02
1.430647218402864382e+02
1.430273080655988451e+02
1.429668016728764997e+02
1.428622776535949015e+02
1.429623961767492801e+02
1.430867251631671024e+02
1.435378075572580201e+02
1.434772967722165049e+02
1.438315636671686661e+02
1.438755703129299945e+02
1.442056355292570515e+02
1.444773839239678637e+02
1.438436645064812183e+02
1.438403636786251809e+02
1.444454781175190874e+02
1.452222290164481819e+02
1.454070600032691800e+02
1.453663541853638890e+02
1.453784528285168562e+02
1.457050898397319543e+02
1.457834488137195876e+02
1.460107667038691943e+02
1.459842766269566710e+02
1.462612628622773627e+02
1.460593215961307578e+02
1.464036223188868462e+02
1.465514941360543162e+02
1.464621104409507097e+02
1.461200080739390614e+02
1.459898021644721666e+02
1.459644277366287497e+02
1.464709280216839034e+02
1.462414007949919323e+02
1.466331517417384021e+02
1.465680443946857849e+02
1.462270576767432431e+02
1.457073035685934883e+02
1.459600046712248513e+02
1.463837492708034915e+02
1.469498511308320303e+02
1.465316188918113767e+02
1.467037692531894209e+02
1.469564725519803687e+02
1.470326221894256378e+02
1.474398033534152717e+02
1.479595618538841961e+02
1.480202702932883483e+02
1.479463256000662739e+02
1.479772277615847713e+02
1.479132228866437515e+02
1.484164267361620375e+02
1.484462198370901831e+02
1.490685982864806363e+02
1.490564557201359719e+02
1.492462610084166670e+02
1.494813093803049640e+02
1.502206596815039745e+02
1.498984391472140203e+02
1.501599644190573315e+02
1.500043774932682652e+02
1.505340582427415654e+02
1.512447179151240277e+02
1.513219678285213092e+02
1.520535876479816295e+02
1.515812925484605955e+02
1.514334295159314649e+02
1.518637911443392738e+02
1.522489096891394809e+02
1.520105560970759768e+02
1.521352562344636397e+02
1.523040947871877222e+02
1.522025729180586211e+02
1.511696839267478651e+02
1.521341471738732878e+02
1.528679851145143118e+02
1.528161162174392018e+02
1.512314794651465206e+02
1.511376770969581855e+02
1.522621569237553274e+02
1.525490741927187344e+02
1.529639836422875021e+02
1.524761880484165602e+02
1.526443172415947345e+02
1.524297260962393636e+02
1.532692805708165622e+02
1.530115524588954656e+02
1.530204029820224321e+02
1.523622512891542726e+02
1.528732910360713220e+02
1.525060492302918362e+02
1.517040974001265283e+02
1.500592902675279845e+02
1.489421038867121467e+02
1.494476027229966064e+02
1.473315744129140512e+02
1.473138689743409486e+02
1.501289766073150247e+02
1.490792584451055234e+02
1.505636778470625075e+02
1.494774792779889765e+02
1.490471813382091284e+02
1.465185737038773368e+02
1.486390162947254510e+02
1.475428471611366774e+02
1.445341700223534644e+02
1.478238018568272025e+02
1.438682834554274450e+02
1.450463122413821111e+02
1.443616155676118069e+02
1.441525543520911015e+02
1.424336323239026569e+02
1.418949473201314504e+02
1.443848443475408203e+02
1.442344096121378243e+02
1.456635319119077394e+02
1.444799709999588231e+02
1.452620058588490792e+02
1.452044884393217217e+02
1.437244833181302965e+02
1.441691507300738522e+02
1.437797935972748746e+02
1.461093039921224772e+02
1.457730346249682043e+02
1.465075160403675909e+02
1.467198868683826731e+02
1.473017110348791903e+02
1.488281693236094441e+02
1.485383706932707071e+02
1.487883507541764345e+02
1.483580506182370016e+02
1.477087670177724874e+02
1.467619169705176319e+02
1.476169543701680311e+02
1.474986033301401847e+02
1.483768585289217015e+02
1.483989958175370418e+02
1.478912722715931238e+02
1.489033899855503194e+02
1.495747976976726648e+02
1.490516065997726116e+02
1.495040220627315364e+02
1.499907085960121265e+02
1.503302875756607762e+02
1.506742918168729091e+02
1.514739772103466464e+02
1.520152317208321335e+02
1.516159413582308559e+02
1.511989148108222878e+02
1.514085448316754707e+02
1.512055669782048142e+02
1.520096798294016196e+02
1.518078264096384089e+02
1.524832838400352273e+02
1.522193098502548025e+02
1.524455757799632636e+02
1.522059989270109952e+02
1.523590580731178932e+02
1.523745915098615740e+02
1.523402018469223265e+02
1.527738730878245121e+02
1.529391297042656959e+02
1.531365556663058385e+02
1.528260099163689745e+02
1.538441780499824461e+02
1.540615605141701678e+02
1.552294737890769909e+02
1.562110473155280204e+02
1.543321888674927038e+02
1.546538318118118411e+02
1.551185589454034641e+02
1.561267543183421083e+02
1.560724059570956967e+02
1.560879350015202078e+02
1.558650028420615570e+02
1.568798459900635578e+02
1.577294391101031295e+02
1.570118351811133550e+02
1.575419946933761537e+02
1.562986652983254032e+02
1.572026089757709713e+02
1.575375540586955765e+02
1.574610310741208821e+02
1.574610310741208821e+02
1.585413087969536434e+02
1.584126555723132412e+02
1.593753772648878737e+02
1.595572741825035052e+02
1.596315878305358353e+02
1.594352687329264597e+02
1.601362367530609561e+02
1.604323691076424154e+02
1.598988824136085611e+02
1.598123756875611150e+02
1.607129790062781183e+02
1.601107283594828630e+02
1.602316159638312172e+02
1.582673642426579761e+02
1.581653350606647734e+02
1.591391341821854155e+02
1.584481477073640860e+02
1.592411743449765424e+02
1.597513729627725922e+02
1.642189259713813669e+02
1.654067979445953540e+02
1.657295499495048432e+02
1.659059059564878851e+02
1.676095152619709268e+02
1.664606163367497800e+02
1.671783959585063428e+02
1.656883807419271477e+02
1.673039504019725143e+02
1.681928547785809940e+02
1.681473020364719275e+02
1.680139600111178595e+02
1.684384073817636533e+02
1.685028558809408139e+02
1.696439847935507430e+02
1.723529037182779291e+02
1.730140224227452279e+02
1.725551260928513955e+02
1.733095815796750401e+02
1.726373503077083740e+02
1.725473516879210081e+02
1.744284853572862346e+02
1.767129656960059663e+02
1.754773799596514152e+02
1.708017693804522139e+02
1.708373208118118498e+02
1.672195124582540018e+02
1.692195286382666097e+02
1.675172853440453480e+02
1.668550641674664519e+02
1.683484175466146269e+02
1.684284148556525622e+02
1.669128363415056526e+02
1.661172687472535188e+02
1.645616937747472264e+02
1.660017156145367778e+02
1.667706174391095999e+02
1.646861457461018006e+02
1.651750504005630944e+02
1.669795029618635169e+02
1.681706340359014291e+02
1.677839562177959749e+02
1.685484086230498804e+02
1.689839817381525506e+02
1.673084042136106007e+02
1.688550891321173992e+02
1.673706301992878878e+02
1.682239655752600527e+02
1.681750790629011760e+02
1.690639790471904860e+02
1.723662344069580001e+02
1.708995511898083066e+02
1.709395520404868591e+02
1.707262083137756861e+02
1.699750909895210214e+02
1.686239784743647476e+02
1.693039841512618011e+02
1.690195331695121865e+02
1.685217516380089080e+02
1.682061942518994044e+02
1.682106348865799816e+02
1.688995218328381895e+02
1.664995015383592261e+02
1.683306330462964695e+02
1.654594969899935393e+02
1.654194873546766473e+02
1.661617278018893273e+02
1.681661890089016822e+02
1.699795448011591077e+02
1.699194359133216210e+02
1.688642690791820939e+02
1.687084559489557876e+02
1.702756090747934365e+02
1.701509550567570557e+02
1.701732109379899782e+02
1.706362360479033384e+02
1.702310929200084217e+02
1.696255985455063353e+02
1.698971800320886985e+02
1.693183997427767906e+02
1.677645904825767218e+02
1.683522740028456326e+02
1.687351612495076267e+02
1.689844868548570673e+02
1.700797116398243531e+02
1.717136587632757880e+02
1.718739388820976899e+02
1.718116074807603297e+02
1.715044086780307850e+02
1.721722344538702316e+02
1.724527147790904280e+02
1.712951542004666123e+02
1.719451735143920530e+02
1.715756433103251481e+02
1.712951542004666123e+02
1.740109778509285832e+02
1.739798099541003182e+02
1.743760498510382320e+02
1.734678148777638569e+02
1.741667953734740593e+02
1.757918392659684912e+02
1.753822467187546579e+02
1.758319060014345894e+02
1.779333320464374708e+02
1.771230457906476374e+02
1.766110463219920064e+02
1.761524838083550719e+02
1.746921474924056099e+02
1.754045025999875804e+02
1.734411007925736783e+02
1.753644446491598217e+02
1.758675277099009406e+02
1.745007038690746128e+02
1.744205747904615862e+02
1.753510919988839021e+02
1.744695535415230268e+02
1.736815187746469462e+02
1.739887175773764909e+02
1.758586244789439377e+02
1.780134699096888369e+02
1.789929482998959145e+02
1.807070332865987154e+02
1.808138764504019207e+02
1.803241504322558910e+02
1.781114186271733786e+02
1.758274609744348425e+02
1.767980361336849171e+02
1.771764651763896552e+02
1.767090126087532269e+02
1.782449934454434413e+02
1.780554868348662865e+02
1.781223511095867877e+02
1.777210732225612162e+02
1.774446118693813048e+02
1.773287073511309870e+02
1.774357042461051321e+02
1.764636927984865622e+02
1.754158611373604515e+02
1.749120138130838029e+02
1.749833582533574088e+02
1.732577961366641546e+02
1.731953768889434002e+02
1.729679777408891539e+02
1.710239284917369957e+02
1.711443263524979272e+02
1.740559288453113993e+02
1.728654214805955860e+02
1.715010265922701080e+02
1.706404702435829392e+02
1.712156532234948543e+02
1.689594989511005849e+02
1.710685149236287259e+02
1.705735883995857591e+02
1.714564357680592082e+02
1.710417700922043593e+02
1.723615785486381071e+02
1.730660626202679566e+02
1.727049041765385198e+02
1.708188247557881994e+02
1.705780509958621849e+02
1.720940511726493867e+02
1.717150423438142468e+02
1.706226374277539151e+02
1.708455783718509053e+02
1.711220221557541379e+02
1.712022830039422558e+02
1.705379183756085411e+02
1.715411548202045822e+02
1.719201504720822129e+02
1.732132097047724244e+02
1.733514315967240407e+02
1.741049778734795552e+02
1.752018409934971430e+02
1.763789693540220185e+02
1.755942288265232207e+02
1.770165803662930273e+02
1.759464532930614666e+02
1.770477921863129893e+02
1.768961825055320958e+02
1.771993930824555434e+02
1.764280227745093441e+02
1.766019015134806693e+02
1.759063338497653319e+02
1.769675357304440411e+02
1.771458814580109618e+02
1.769987431581448334e+02
1.766375803220962268e+02
1.765929807132469875e+02
1.756923093135828537e+02
1.761738568334348827e+02
1.740826780690549356e+02
1.741941507372630156e+02
1.749253972095939105e+02
1.752335711071791309e+02
1.737328649857408607e+02
1.733130339425424324e+02
1.719105840009305837e+02
1.728931897223864951e+02
1.740008535552424007e+02
1.734738191780688510e+02
1.728395858592393495e+02
1.727681316109865008e+02
1.739383201072232339e+02
1.730986404515496986e+02
1.738445221313540685e+02
1.737551999287188380e+02
1.737328649857408607e+02
1.730316400149349363e+02
1.727324000945409068e+02
1.725849982555245958e+02
1.729333750504701754e+02
1.722544938072805678e+02
1.733040911807129021e+02
1.733085625616276673e+02
1.736837368958276500e+02
1.738579274894600246e+02
1.734023561451776629e+02
1.739561880616056158e+02
1.753541666223026994e+02
1.749789922881027167e+02
1.752067779602438975e+02
1.759392630665806507e+02
1.753452370374306781e+02
1.761670531310410013e+02
1.769173974071217970e+02
1.767923568649984816e+02
1.766628273726837222e+02
1.765288308917733673e+02
1.772747169638969069e+02
1.779670211344691495e+02
1.782483887081616274e+02
1.783868433930292383e+02
1.795883183787118185e+02
1.805083862598293933e+02
1.816473102282161278e+02
1.810532798067469855e+02
1.818885056507824345e+02
1.816160500926852990e+02
1.821252121231572971e+02
1.836929230735294993e+02
1.833936611915396213e+02
1.824601879523160903e+02
1.807004360232058104e+02
1.823530021876176477e+02
1.820180219661396848e+02
1.826433169154588256e+02
1.834293927079852153e+02
1.836214644329574810e+02
1.826299115573528695e+02
1.818304391913588631e+02
1.821252121231572971e+02
1.822234814799412277e+02
1.820716170446484909e+02
1.828934287459396444e+02
1.827103173520735879e+02
1.827594410496676289e+02
1.824463345776548238e+02
1.824239469268468099e+02
1.822047745925974311e+02
1.823210832042113623e+02
1.836764299150472368e+02
1.837703684451298329e+02
1.846739212061692967e+02
1.842579334422443651e+02
1.825447488809713548e+02
1.826968241475842376e+02
1.833633146583960922e+02
1.840432237042714121e+02
1.840029593144426769e+02
1.834393544878621185e+02
1.830725563063187735e+02
1.835467115530081799e+02
1.855685312053792302e+02
1.849915078437352065e+02
1.852956759462376510e+02
1.858056198095218576e+02
1.860963605923224975e+02
1.871654203319958185e+02
1.864586786083127379e+02
1.859934836927295407e+02
1.837122097470036977e+02
1.839716552557201510e+02
1.833319886380777177e+02
1.837390556017689676e+02
1.836316985366229062e+02
1.824105459610600235e+02
1.810149480373529229e+02
1.812341159792831320e+02
1.823166118232965971e+02
1.827549784533912032e+02
1.827952296662624292e+02
1.821018976930044744e+02
1.805542113257269818e+02
1.809657408856946574e+02
1.803708188234340639e+02
1.808852252829946963e+02
1.793151600495475293e+02
1.801963778676090158e+02
1.805944713232365473e+02
1.811715034695189104e+02
1.809970493367363531e+02
1.809567893392267877e+02
1.803752902043488291e+02
1.801069019338028454e+02
1.813817462188962679e+02
1.818648222658193561e+02
1.826297182953094023e+02
1.836182756092402713e+02
1.838419325013619243e+02
1.839403380200401159e+02
1.835869627658794059e+02
1.835645970766672406e+02
1.838687695714888548e+02
1.836585356067498367e+02
1.853225305856412604e+02
1.840834705248234684e+02
1.837077427584081022e+02
1.841818760435016600e+02
1.848394325771223237e+02
1.846023571499372053e+02
1.848442553435706657e+02
1.844679697526207462e+02
1.846337095241705981e+02
1.833390998028134788e+02
1.833166989750479559e+02
1.842663710873693788e+02
1.842708644298799925e+02
1.847188326696795855e+02
1.858342445535508602e+02
1.877963154882563401e+02
1.889968505176366023e+02
1.892073919447175001e+02
1.893820964396927309e+02
1.896195100754539169e+02
1.873214794320956287e+02
1.888579829547670386e+02
1.911246744008494431e+02
1.908872475881307480e+02
1.904348123597355595e+02
1.895747084199228709e+02
1.911336303396364826e+02
1.937586823221372185e+02
1.955057184872511868e+02
1.952727850170431054e+02
1.974633136487227318e+02
1.958013830598410721e+02
1.951697587785983785e+02
1.973961199500645023e+02
1.942424787094041392e+02
1.937407528752864607e+02
1.931180845328308067e+02
1.945694868715890777e+02
1.957565857966291958e+02
1.960432812534745324e+02
1.978575286865234091e+02
1.973916266075538886e+02
1.974319744514468482e+02
