1.249234648685075513e+02
1.247511065582688161e+02
1.247929560262779205e+02
1.247377717174745300e+02
1.247862872504385336e+02
1.246878370879537812e+02
1.246370510348139788e+02
1.246766299483322911e+02
1.248278502568817885e+02
1.249834748605337325e+02
1.249393531909141473e+02
1.247467083369202214e+02
1.248658716814745162e+02
1.249004855585813800e+02
1.249667342223182516e+02
1.248233136088493609e+02
1.248861565094800312e+02
1.242619685961666249e+02
1.241803996679321784e+02
1.241666412353515625e+02
1.241782719367337648e+02
1.241914649054044020e+02
1.242944543517420186e+02
1.243483632151302629e+02
1.243907465043359508e+02
1.244930705379109241e+02
1.246259356191701499e+02
1.247254068242868925e+02
1.247248313961606669e+02
1.248462790555181527e+02
1.248399996862251555e+02
1.248685427605695963e+02
1.247455254990938158e+02
1.246567587189435926e+02
1.245725588869650693e+02
1.246053842666100167e+02
1.245270363763652881e+02
1.244598203043312878e+02
1.246070957955414826e+02
1.245866881198591898e+02
1.246083790047239148e+02
1.246580427860008626e+02
1.246740289061389717e+02
1.246510521698373140e+02
1.246466288642284610e+02
1.246534784457686698e+02
1.247272567799021914e+02
1.247346765736896117e+02
1.246496261759668727e+02
1.245645671308657683e+02
1.245938258100849367e+02
1.246603280273088785e+02
1.246583274631870495e+02
1.246217943484929833e+02
1.246813050573635451e+02
1.247714995471338852e+02
1.248542699194276224e+02
1.247799196229822201e+02
1.247468113505307485e+02
1.247382458820548976e+02
1.247365360688731073e+02
1.248066032364581588e+02
1.248194483679800157e+02
1.247657878164635861e+02
1.246663209693510197e+02
1.245471602327362319e+02
1.245467319473021917e+02
1.246449130116078123e+02
1.245472978358602205e+02
1.244920711480398410e+02
1.245216170780697098e+02
1.244685267731154852e+02
1.244835108954430041e+02
1.245681364392310542e+02
1.246570460040692865e+02
1.246646111561692294e+02
1.245654272361781807e+02
1.251793645403142818e+02
1.252388743569950122e+02
1.255549786554711318e+02
1.255298603547392986e+02
1.254978925067822502e+02
1.255177308280921693e+02
1.255334288395447402e+02
1.256530196116582374e+02
1.255595457065878122e+02
1.255298603547392986e+02
1.255147889350682817e+02
1.254796324006539976e+02
1.255842503057578483e+02
1.255975956812551431e+02
1.255991730728769653e+02
1.255267055714956541e+02
1.256514102384624607e+02
1.257530133654962015e+02
1.257547344683108577e+02
1.257776947677306225e+02
1.257914718258463154e+02
1.258899193460765673e+02
1.260549548366995509e+02
1.260317046442145852e+02
1.261948710657708830e+02
1.261607200979265144e+02
1.260982916537874985e+02
1.262258715054308027e+02
1.263303432286622865e+02
1.263666495898792164e+02
1.263411056459678434e+02
1.264893484768451799e+02
1.265445994596809669e+02
1.265054238159664237e+02
1.263477068898999960e+02
1.262462506310384924e+02
1.263386646145892769e+02
1.263266138751672543e+02
1.263366597954082522e+02
1.263045093916857127e+02
1.262090833752642993e+02
1.262010439213240147e+02
1.261457948601278645e+02
1.261538297844890053e+02
1.262080778086943837e+02
1.263165705628657633e+02
1.264119982264068653e+02
1.264712650243035341e+02
1.264672492092426523e+02
1.265225008783783096e+02
1.267173842366590861e+02
1.266551011508325928e+02
1.266591187502731373e+02
1.266239579607996575e+02
1.266420449821006287e+02
1.267656022929443225e+02
1.266520882944021196e+02
1.265978420545764038e+02
1.264280717811484465e+02
1.265626837357824570e+02
1.265134623090868899e+02
1.265918144200758206e+02
1.268399359809328644e+02
1.268238669557704270e+02
1.268881556843377894e+02
1.270237715584220268e+02
1.269594800846551834e+02
1.269363753877427143e+02
1.266802142356854119e+02
1.267334560070210046e+02
1.266792097671952888e+02
1.266319989245996567e+02
1.266159238599983610e+02
1.266149158227489124e+02
1.266411596552679839e+02
1.267673542792531407e+02
1.267653365576345550e+02
1.268935472561186089e+02
1.269197982261563311e+02
1.269682548402764724e+02
1.270873792029981360e+02
1.272256894903730426e+02
1.272297296004493319e+02
1.272307368141389361e+02
1.273054452218566439e+02
1.273276511404590110e+02
1.272620348334226037e+02
1.273872162042792979e+02
1.273993362599882175e+02
1.274245695845783075e+02
1.275053344513911497e+02
1.270651735589157170e+02
1.269823909704842890e+02
1.270682004158635436e+02
1.270066173559047229e+02
1.269692664462852463e+02
1.272731383417636835e+02
1.273165495537575680e+02
1.273397720197277749e+02
1.273367407704607785e+02
1.272590046822353997e+02
1.273316945447746775e+02
1.273528932496874404e+02
1.272690982316873942e+02
1.272791942518189217e+02
1.274387032441065912e+02
1.273488547867308398e+02
1.269571507828954964e+02
1.272479006248544238e+02
1.271832898843879320e+02
1.272479006248544238e+02
1.270893988462563584e+02
1.271620887087956362e+02
1.271338200171393282e+02
1.271338200171393282e+02
1.270459912030217993e+02
1.272529468505405248e+02
1.272751568869421135e+02
1.272458818051560456e+02
1.271530023730332459e+02
1.270459912030217993e+02
1.269238355910331393e+02
1.267946116394206229e+02
1.269369612133119745e+02
1.271479550492673525e+02
1.274215410805107922e+02
1.274740389027870151e+02
1.276597969434727702e+02
1.276991647511509882e+02
1.276880631644495452e+02
1.278526164607836790e+02
1.279131950522523766e+02
1.278768488856429713e+02
1.279798226907776098e+02
1.281211598351003431e+02
1.280403941447276566e+02
1.280666434676456902e+02
1.280980729819845010e+02
1.281295079867222739e+02
1.281112521356532170e+02
1.281994685719374729e+02
1.283566257518297107e+02
1.285158119086584065e+02
1.286537068473518275e+02
1.286344396647939448e+02
1.287845027001872040e+02
1.287033869968806812e+02
1.288696719650474733e+02
1.288858949959007987e+02
1.291049009710616247e+02
1.290004691904825904e+02
1.291424201614092908e+02
1.291353172322719729e+02
1.287439462211336831e+02
1.286993331608069866e+02
1.288311408941710852e+02
1.287865303045239216e+02
1.287368474097955868e+02
1.284732270017083238e+02
1.286476229362618824e+02
1.284276015118130090e+02
1.283941391772584666e+02
1.282025094294026530e+02
1.280504209858322611e+02
1.279003584994788980e+02
1.281700628186561062e+02
1.284985745265968262e+02
1.284103641297514287e+02
1.285279811034380373e+02
1.284874254479443607e+02
1.284336851483830060e+02
1.286344396647939448e+02
1.286263328162063999e+02
1.284853929022485772e+02
1.282684137078646245e+02
1.281619507541895473e+02
1.278496634497018931e+02
1.278506767028303557e+02
1.280017524423121813e+02
1.284215176007230639e+02
1.284336851483830060e+02
1.281538414349224695e+02
1.282521920496110397e+02
1.282096071426609569e+02
1.279074556636973057e+02
1.278233032207248243e+02
1.281001014098810629e+02
1.281842612648921431e+02
1.284732270017083238e+02
1.285320357630715762e+02
1.285442008400519853e+02
1.281426871403909900e+02
1.287682771986543457e+02
1.291322782964464295e+02
1.289558558556359458e+02
1.291049009710616247e+02
1.291069291244382384e+02
1.291991974751565522e+02
1.292857217704806772e+02
1.291829085595156812e+02
1.292633247859944277e+02
1.294974485746975006e+02
1.297885764306249712e+02
1.299494110797420490e+02
1.300125221177320327e+02
1.300888688605000425e+02
1.301794609924152155e+02
1.301519771532905452e+02
1.302588592989263816e+02
1.306151362289385816e+02
1.305306422831506552e+02
1.301865847850685896e+02
1.303525040926645033e+02
1.301529945242182293e+02
1.302171234821757935e+02
1.302446089684201525e+02
1.301611389820386648e+02
1.299443214799041471e+02
1.299636586650487970e+02
1.300186274413779302e+02
1.297509161370239781e+02
1.295198444611039577e+02
1.297448058720190147e+02
1.296572620096076207e+02
1.297957057136773074e+02
1.300084509869016074e+02
1.301540129932257059e+02
1.300552742073305126e+02
1.298924059144378589e+02
1.300257512340313042e+02
1.299728204937969167e+02
1.296358878864480175e+02
1.297234295526998267e+02
1.296226549268694725e+02
1.299402448586747596e+02
1.297427700320838539e+02
1.297244469236275108e+02
1.298333643601586118e+02
1.300400070549364955e+02
1.299036035831211393e+02
1.298618683154104474e+02
1.299595902794178528e+02
1.300145563105475048e+02
1.299891127036771650e+02
1.299331238112208666e+02
1.299819817735051402e+02
1.299198892045226330e+02
1.297753456672060111e+02
1.300654512108467316e+02
1.299952163802033738e+02
1.301692812436995155e+02
1.302761628402954557e+02
1.303382581544774439e+02
1.305795046377540984e+02
1.303667588154899022e+02
1.301713143384351952e+02
1.298160602697496415e+02
1.302028715045498757e+02
1.301774235053603661e+02
1.298822261657221588e+02
1.298018110373232048e+02
1.298805181026050377e+02
1.301217536050837680e+02
1.299888705770829347e+02
1.299428692693786616e+02
1.299571821904330591e+02
1.302577002757054743e+02
1.302393052430227272e+02
1.303844510771054956e+02
1.303721882710235604e+02
1.303711670568166028e+02
1.305071153745579977e+02
1.306246637182575796e+02
1.303261869633192873e+02
1.305735541433589333e+02
1.305469806123821854e+02
1.303936507896064541e+02
1.304202276148225792e+02
1.303609395416299321e+02
1.303772976362977261e+02
1.302996134323425395e+02
1.302270352994221412e+02
1.301401530300856848e+02
1.301013095555083510e+02
1.302505484820173933e+02
1.302209030728213293e+02
1.300757533954592873e+02
1.300501988825299122e+02
1.301197062353107867e+02
1.300890401609476612e+02
1.301483298812599969e+02
1.300174887326331827e+02
1.301207285475975368e+02
1.300614432196043708e+02
1.301718381224961831e+02
1.301094864066826631e+02
1.300328234169344341e+02
1.298059013845499976e+02
1.298978946662803082e+02
1.300174887326331827e+02
1.300011366774042472e+02
1.299561609762261014e+02
1.299244720405363296e+02
1.296055490398630354e+02
1.293500094009682471e+02
1.296781271727834337e+02
1.299214078488755604e+02
1.299162913460827440e+02
1.300399801519815810e+02
1.302127267706869134e+02
1.303261869633192873e+02
1.305766199821393911e+02
1.304416923295650577e+02
1.298764310496176222e+02
1.298702971758971216e+02
1.298028322515301625e+02
1.296259947365581411e+02
1.296883464523716611e+02
1.296484812145474734e+02
1.295851077354870995e+02
1.294757351448820373e+02
1.291833939107839342e+02
1.287949635573297655e+02
1.288726499574445370e+02
1.288983197687521169e+02
1.289383678368617439e+02
1.293696222041407964e+02
1.287299234676644346e+02
1.289096140684571310e+02
1.289003720798841641e+02
1.289835466828014887e+02
1.291067638634294781e+02
1.290389947709600165e+02
1.288859982154012869e+02
1.286436720451687279e+02
1.279362044907428526e+02
1.276651286699049024e+02
1.277287884732711518e+02
1.283397361865423818e+02
1.286713974618477323e+02
1.287093869048665056e+02
1.286549693645931711e+02
1.281374572608596054e+02
1.286118400845859924e+02
1.284095595117835273e+02
1.282966112988543728e+02
1.286087613433679735e+02
1.283869711868934473e+02
1.286354597809211100e+02
1.288038530622893632e+02
1.289168010006985696e+02
1.290164028773106111e+02
1.290297516843072572e+02
1.287740747854384153e+02
1.287258169237607035e+02
1.289065345036792678e+02
1.287206814790914677e+02
1.288151479110342734e+02
1.288849726088751595e+02
1.288551948810641079e+02
1.286221093268047753e+02
1.282750450117310947e+02
1.284023723050221406e+02
1.283284435339570564e+02
1.284105873144692396e+02
1.284516587929454090e+02
1.285060818236177056e+02
1.284516587929454090e+02
1.283202277009501131e+02
1.285892501125762237e+02
1.285358587278689129e+02
1.285553691351008183e+02
1.283931319635688624e+02
1.285625560673422569e+02
1.284783580540583898e+02
1.285492075348655590e+02
1.287586750399094626e+02
1.287576497079032833e+02
1.289363100353307345e+02
1.293039087170427592e+02
1.289137208868808102e+02
1.288387637640901175e+02
1.293234177516749241e+02
1.294527946108985361e+02
1.293470336047307683e+02
1.295195380968418704e+02
1.296622615669025436e+02
1.296037355610858413e+02
1.295459864467222815e+02
1.295604245488730157e+02
1.295098958581845636e+02
1.291180394957780209e+02
1.290499810592832546e+02
1.290097627888058014e+02
1.286612166150522398e+02
1.288509584892249222e+02
1.288004303475763663e+02
1.291716625753215340e+02
1.293253091941173807e+02
1.293789350188603748e+02
1.292190985242746137e+02
1.293356240066475493e+02
1.292479703362569126e+02
1.292252834587054622e+02
1.292758121493939143e+02
1.291768186089868777e+02
1.290675102560496725e+02
1.289561441015814580e+02
1.293510910095637882e+02
1.292737488574639428e+02
1.292685950199581839e+02
1.289994529176346987e+02
1.290561681898736879e+02
1.287478391885177871e+02
1.286756538936431298e+02
1.284704450165542085e+02
1.285580981379049490e+02
1.283147356548682865e+02
1.280105288450531589e+02
1.281445862693919935e+02
1.281342755746610464e+02
1.282765784801612199e+02
1.282167674464674292e+02
1.280919926396538813e+02
1.282899832892272798e+02
1.281435540743871115e+02
1.279311288914223042e+02
1.279404090382680579e+02
1.276681719980496155e+02
1.274609003780706189e+02
1.270226405362358264e+02
1.270752308717345613e+02
1.272371303837303458e+02
1.273845928916551884e+02
1.271195729808724764e+02
1.273392172149126509e+02
1.270927595194610831e+02
1.270442968659020835e+02
1.270577008514082991e+02
1.270071735333195875e+02
1.275351467687156628e+02
1.273309695375917272e+02
1.273876853588706126e+02
1.267101868726596194e+02
1.267792744844398385e+02
1.271144150255674958e+02
1.270205758717061144e+02
1.268194927549172917e+02
1.270123298415048794e+02
1.270921591443345733e+02
1.268246691030587954e+02
1.269273115626160688e+02
1.269252356427684845e+02
1.268505876294393602e+02
1.267914889750109069e+02
1.268215557723273150e+02
1.270963074152704166e+02
1.272497547325839378e+02
1.270569091358779588e+02
1.270341003714695489e+02
1.271211901778867741e+02
1.268941322581280247e+02
1.270403209934936513e+02
1.271087483847986732e+02
1.271243010379387215e+02
1.271014939206500003e+02
1.274996236129106819e+02
1.275224296321196107e+02
1.276001893290605267e+02
1.277567450357464622e+02
1.276385543153683102e+02
1.275514634108712926e+02
1.275607937948675499e+02
1.275659778295676006e+02
1.276789861623653906e+02
1.277059451193492805e+02
1.279195235606160850e+02
1.280636382977737640e+02
1.280460152151850934e+02
1.280584517923941803e+02
1.280574195973892984e+02
1.281413988182745243e+02
1.280802267146780196e+02
1.280325349131333041e+02
1.279827663681811600e+02
1.282409295942200060e+02
1.284358502872137251e+02
1.283767505347054794e+02
1.284804320522663375e+02
1.285975897540797632e+02
1.284617663429147569e+02
1.285809996900558190e+02
1.283300961440446599e+02
1.283425390352125532e+02
1.283798602966776343e+02
1.285270856193673126e+02
1.286929741807290384e+02
1.286991972734326737e+02
1.284659143393306522e+02
1.282201964751392325e+02
1.281610994678304678e+02
1.281839057615593447e+02
1.280636382977737640e+02
1.280335698533376672e+02
1.279713652802163324e+02
1.278956773853237792e+02
1.272186488772639450e+02
1.269086491475038656e+02
1.267956361478669578e+02
1.267852719217461299e+02
1.269449354687645837e+02
1.268422921856474659e+02
1.268026553484201031e+02
1.267484143244734014e+02
1.267557146334534082e+02
1.268214319638307188e+02
1.267265087306942632e+02
1.265001516603630307e+02
1.265189299228933351e+02
1.268694128348807908e+02
1.268287322728107256e+02
1.269403443971524439e+02
1.269027928134509011e+02
1.270091887842586402e+02
1.271354050953196975e+02
1.272887428791739239e+02
1.274681548422192918e+02
1.275505643580412425e+02
1.275443042051446128e+02
1.274931918850464854e+02
1.273471571553717467e+02
1.272699670873231526e+02
1.272908306033792769e+02
1.273648911440194524e+02
1.274066124112127909e+02
1.273972260251471198e+02
1.274712879383870359e+02
1.273857521893960438e+02
1.272303258577766201e+02
1.272428464380898276e+02
1.272094664595197173e+02
1.272522347457951355e+02
1.270206642671294048e+02
1.269966725962646024e+02
1.270811665420525287e+02
1.270436141347911416e+02
1.271009833135465215e+02
1.268193439651054177e+02
1.266774844093214369e+02
1.268391643053587359e+02
1.269236574275868179e+02
1.270488283666854841e+02
1.270790777197673833e+02
1.269851990350334745e+02
1.270415244889461519e+02
1.270842935987814144e+02
1.271614847649098010e+02
1.271927775683144546e+02
1.272386748329583952e+02
1.271813040070833267e+02
1.273815816823444038e+02
1.273805379575017014e+02
1.274900637302378072e+02
1.274942353353692397e+02
1.275036244666343919e+02
1.274483380707252991e+02
1.273680182007483381e+02
1.272303258577766201e+02
1.271604393929474099e+02
1.278155106974778619e+02
1.279605044475093791e+02
1.279469461817923275e+02
1.281388789996708510e+02
1.279751078106688738e+02
1.281117575268776818e+02
1.281799263203915871e+02
1.283487766774734382e+02
1.284421173031090575e+02
1.284882602631065538e+02
1.284033128103643548e+02
1.283959683036727029e+02
1.284221882529562890e+02
1.285585263890239958e+02
1.285480427467257414e+02
1.285312624403777590e+02
1.285165775447936767e+02
1.285459418455628793e+02
1.284567978063739702e+02
1.284924543788737310e+02
1.284064566128100751e+02
1.283582152223292496e+02
1.282921440357388292e+02
1.282795583941979203e+02
1.281935598045744200e+02
1.282040470156319998e+02
1.282701206729019532e+02
1.283749966267570244e+02
1.283718478829522383e+02
1.284410653426679119e+02
1.281432166893708882e+02
1.278925684469114685e+02
1.281348287323564819e+02
1.283980675577158763e+02
1.287986926363048497e+02
1.291972220296099749e+02
1.291290532360960697e+02
1.289885193371414971e+02
1.289874679257402477e+02
1.289853722404563996e+02
1.290975872106041606e+02
1.288972754948695183e+02
1.289151061145389576e+02
1.289371286538159893e+02
1.290273210846867187e+02
1.288416923428965220e+02
1.289329361851685007e+02
1.288773497389561271e+02
1.289276873637606968e+02
1.289329361851685007e+02
1.290210312836356934e+02
1.290388597071455479e+02
1.292737817998577157e+02
1.293828529675597565e+02
1.293450954938971336e+02
1.294132670326105199e+02
1.294048755068367882e+02
1.293964845301029527e+02
1.293597779188016830e+02
1.293534853725511766e+02
1.293052456291900398e+02
1.294153632669342642e+02
1.294782876313595352e+02
1.291993204600933041e+02
1.290829086289788847e+02
1.290032023110859427e+02
1.289843230252147350e+02
1.287693286100555952e+02
1.287798155465932268e+02
1.286543739308257273e+02
1.285500137999531489e+02
1.287155139155883035e+02
1.287840316239562526e+02
1.287650584522627923e+02
1.284393259842767065e+02
1.282200649800840893e+02
1.283676477277462027e+02
1.286712390638376746e+02
1.286670227119547008e+02
1.286786209052422691e+02
1.288546612142849881e+02
1.288620408595299978e+02
1.288019539332883596e+02
1.288609850558095786e+02
1.288377958067530926e+02
1.288261989860652648e+02
1.287271104617561832e+02
1.286185287631216170e+02
1.286617522034709964e+02
1.285784738320132874e+02
1.286670227119547008e+02
1.287808713503136460e+02
1.288957733217134773e+02
1.290886795873279880e+02
1.290201627025198832e+02
1.292193933586988805e+02
1.292193933586988805e+02
1.292858057735847979e+02
1.293016175735558591e+02
1.293722449677250097e+02
1.294049249204274474e+02
1.294165167997562094e+02
1.293353500357393386e+02
1.293595945394763476e+02
1.294376010298506117e+02
1.293848953959736718e+02
1.293817318280916879e+02
1.292858057735847979e+02
1.293205934904488004e+02
1.293068889055994077e+02
1.293690813998430258e+02
1.295061212088980938e+02
1.296199673765775060e+02
1.296326205500256492e+02
1.297000832782330235e+02
1.296473787424358761e+02
1.296252403557407433e+02
1.297264377422911821e+02
1.297253824876106592e+02
1.297032457480352150e+02
1.297264377422911821e+02
1.297348698970172336e+02
1.297232752724889906e+02
1.299246153399492414e+02
1.299309397305137281e+02
1.299319944361543548e+02
1.298982625230107715e+02
1.298687483343499025e+02
1.306488137871324398e+02
1.306256201457567840e+02
1.306835976607171688e+02
1.308111550017247282e+02
1.309418654788562435e+02
1.309956252693339138e+02
1.310962060840809045e+02
1.310644424789652476e+02
1.311883152132293162e+02
1.313714776678057206e+02
1.314233454668010381e+02
1.314064097821624273e+02
1.314455810335578008e+02
1.315493363969846996e+02
1.315927418440596739e+02
1.315313361239873302e+02
1.315450972599460329e+02
1.315736846692620929e+02
1.315800365118213904e+02
1.318764746816250408e+02
1.317886035914355034e+02
1.318754194269445179e+02
1.318288322936709847e+02
1.318478894684685656e+02
1.317928366890353118e+02
1.317589576331995431e+02
1.318076574719937071e+02
1.318140153539918629e+02
1.317917792381952040e+02
1.319474122833355523e+02
1.319717616536927380e+02
1.318976555427411768e+02
1.320532814503628742e+02
1.318817685243043343e+02
1.320490450585236886e+02
1.319961071807706503e+02
1.319664645167740673e+02
1.319918757302905306e+02
1.323010225265718418e+02
1.323349015824076105e+02
1.323147820154108558e+02
1.322861984493740692e+02
1.322904331940935663e+02
1.324037176939591518e+02
1.323243122499293349e+02
1.322861984493740692e+02
1.322523226877776779e+02
1.322343180224611388e+02
1.320712778800809701e+02
1.320892792511581320e+02
1.320098771013676924e+02
1.320924532507981439e+02
1.320257536880465068e+02
1.319707042028526303e+02
1.321570395589892541e+02
1.321390398350317810e+02
1.322840819005741650e+02
1.323783042842831037e+02
1.322883149981739734e+02
1.322999634286120454e+02
1.322851409985339615e+02
1.325953397552564184e+02
1.326938040212035048e+02
1.326461632803691373e+02
1.325900546972154643e+02
1.328473188704242602e+02
1.332760943225719075e+02
1.333798524311982874e+02
1.333025635359683747e+02
1.334428909959219709e+02
1.336714563047157753e+02
1.336289287724348469e+02
1.336044811239362389e+02
1.330495511277158585e+02
1.332929970648167455e+02
1.333482760486872394e+02
1.334471449570378354e+02
1.334269479754157146e+02
1.333780438937801591e+02
1.334343874660094116e+02
1.334067498957138014e+02
1.334131220527492587e+02
1.333163889095949344e+02
1.333610324416358708e+02
1.336023541433783066e+02
1.334407629172842462e+02
1.334960402540350515e+02
1.335938473192263700e+02
1.335534544540619208e+02
1.329145427662767815e+02
1.325360835263777517e+02
1.326604630244660257e+02
1.325084410147230756e+02
1.324159492047670028e+02
1.322012120147992391e+02
1.326338845521302119e+02
1.324924990922966117e+02
1.325839164311757941e+02
1.325584063904780123e+02
1.326275025123766227e+02
1.325786033721001331e+02
1.323564195540200217e+02
1.325796679604588917e+02
1.323511032007049835e+02
1.323872497913121151e+02
1.323319702584017250e+02
1.323946947723047742e+02
1.322501073117964552e+02
1.324042557530574413e+02
1.324978088571328954e+02
1.325477753309676245e+02
1.325700998421875738e+02
1.327859082089928506e+02
1.329209182175516162e+02
1.329762010447013836e+02
1.330314789304920851e+02
1.331314102310418548e+02
1.330591126575084218e+02
1.330516781082737907e+02
1.332451641600187031e+02
1.333142531443986627e+02
1.333908035809681678e+02
1.330825028551669220e+02
1.329698190049477944e+02
1.328879560583425246e+02
1.330282857144557056e+02
1.337820131743769707e+02
1.336151105363269380e+02
1.337022859929679726e+02
1.339595485190570798e+02
1.340945607237754302e+02
1.341987454364011683e+02
1.336533753228536625e+02
1.338839039983163275e+02
1.341368444823424397e+02
1.343236168742364498e+02
1.342542445852700439e+02
1.339244560850506787e+02
1.338860408615923916e+02
1.338550914826428198e+02
1.341293720493549699e+02
1.341507154262803851e+02
1.340749413321241263e+02
1.341379107178208869e+02
1.343097459302985044e+02
1.344634265895679164e+02
1.345103837757314977e+02
1.345797560646979036e+02
1.345850949286486866e+02
1.343748422965531972e+02
1.343566998222227085e+02
1.342873286313360950e+02
1.340066429651947146e+02
1.343129424405742611e+02
1.342446330928469251e+02
1.341154989092574397e+02
1.339692851925765353e+02
1.341400486791767435e+02
1.340109035147893337e+02
1.340173130065377336e+02
1.337334187512428798e+02
1.334473942211507165e+02
1.332873084624520743e+02
1.331442945502863040e+02
1.334207130783543107e+02
1.335370480438832601e+02
1.334356590424090427e+02
1.335253062766628318e+02
1.334922244267563656e+02
1.335637269905200810e+02
1.334569969289354958e+02
1.336608477558411323e+02
1.336512395576573908e+02
1.337088722755629533e+02
1.337152773749921835e+02
1.337846474677990045e+02
1.337259496124947873e+02
1.338316090462817556e+02
1.341400486791767435e+02
1.342030169667937116e+02
1.341272384803182831e+02
1.337238105530591383e+02
1.337526318533709855e+02
1.337440909887454836e+02
1.338433530096617687e+02
1.337697015037442725e+02
1.338764326634086501e+02
1.344783692593832711e+02
1.348700477328634406e+02
1.351176559414175244e+02
1.348881978937524764e+02
1.350184005089799939e+02
1.354869269986534164e+02
1.356736949982282567e+02
1.357334656774896757e+02
1.358860833955200178e+02
1.358476615835829762e+02
1.357855432097253470e+02
1.357105575368600512e+02
1.354288594411500526e+02
1.351867910451487660e+02
1.354031555893689074e+02
1.353013998292440192e+02
1.352831925682057772e+02
1.356216580949449053e+02
1.358166002004945767e+02
1.358176697302124012e+02
1.357234127569900011e+02
1.356141615042020021e+02
1.352296403148088757e+02
1.354834900089031180e+02
1.353977991561414456e+02
1.352639157774497107e+02
1.352467780461292932e+02
1.351792944544058628e+02
1.352124970930894960e+02
1.352178590167159200e+02
1.355713166268610621e+02
1.354674196111409401e+02
1.355284794360786691e+02
1.355231164143724527e+02
1.357105575368600512e+02
1.359729810379735682e+02
1.357716118713988180e+02
1.357512622566855498e+02
1.358219522414028688e+02
1.358219522414028688e+02
1.353463881583397779e+02
1.353496044340517983e+02
1.354010132356938811e+02
1.352028603448311515e+02
1.355274033178820901e+02
1.355241881402498620e+02
1.356098746006923648e+02
1.358208816136052519e+02
1.357512622566855498e+02
1.357491220991701084e+02
1.357448351956604711e+02
1.358508734669758269e+02
1.360447438466480889e+02
1.359483456178304550e+02
1.362600311745918589e+02
1.362771711020718612e+02
1.361914824454697737e+02
1.360350994118311974e+02
1.360393896095802120e+02
1.357373364087579830e+02
1.354042251190867319e+02
1.354470721925872567e+02
1.350668324163048055e+02
1.349607930469096573e+02
1.350100638871958836e+02
1.350475501351497769e+02
1.342677937918288080e+02
1.338382820771803381e+02
1.345387790210838830e+02
1.341649706981456802e+02
1.336947575579110890e+02
1.338980198140479843e+02
1.345755657922099999e+02
1.347508599560337643e+02
1.350767261152345782e+02
1.356811410773007083e+02
1.356209070083668848e+02
1.355585327819176200e+02
1.354746504665740758e+02
1.356284409338227306e+02
1.359510809345933922e+02
1.363242644501297036e+02
1.362618880275208539e+02
1.362328482093303137e+02
1.358973035748390430e+02
1.360274403052790149e+02
1.360930417882382244e+02
1.360769066037682933e+02
1.359005374198277423e+02
1.361059486181184184e+02
1.364328876012764340e+02
1.366200168691029830e+02
1.364318147773192322e+02
1.362672653242643719e+02
1.362898473351956454e+02
1.362220958120028627e+02
1.359295695514597355e+02
1.359231161365196385e+02
1.354961574573885628e+02
1.352358905849873736e+02
1.348153908111953569e+02
1.356574763596941011e+02
1.351810404012758227e+02
1.349810086958882493e+02
1.351208206073793008e+02
1.350025189809421136e+02
1.351864264826576800e+02
1.355327213183168169e+02
1.356607091066030080e+02
1.351853514625408934e+02
1.353649511972307664e+02
1.357090970907361225e+02
1.356219853227230487e+02
1.358048167062420362e+02
1.358682659528080876e+02
1.359854925591284882e+02
1.362457561372903001e+02
1.362027322729431944e+02
1.356607091066030080e+02
1.348992775188580708e+02
1.348476556897362570e+02
1.346002989414546391e+02
1.346766550179008846e+02
1.347379531261535703e+02
1.345336224383786430e+02
1.348498057299698303e+02
1.352627792648645482e+02
1.360661564026004271e+02
1.361005680271355232e+02
1.368469405486071082e+02
1.369899742262091422e+02
1.370856916455554710e+02
1.372265785771633091e+02
1.375147992668403276e+02
1.374370672964141704e+02
1.373895654626735450e+02
1.372049529937312400e+02
1.373928047980612064e+02
1.372643360508259320e+02
1.371909184359042229e+02
1.373334305256048538e+02
1.372826849641573972e+02
1.374122375161477976e+02
1.373895654626735450e+02
1.374359922762973838e+02
1.373625746613756746e+02
1.373193937716182518e+02
1.372513776111954940e+02
1.376152032907407374e+02
1.377868628104515665e+02
1.379466465972072911e+02
1.380189782112142893e+02
1.379628377837466360e+02
1.377728227622255872e+02
1.377220859854164701e+02
1.378354484489473180e+02
1.376648672435926528e+02
1.376756602698724237e+02
1.374640569996322483e+02
1.374532617771928926e+02
1.371239871783163835e+02
1.372114272721873931e+02
1.370991497114914637e+02
1.370408581457104447e+02
1.367439604295136633e+02
1.369879526613112830e+02
1.369588008389819151e+02
1.371034695573948738e+02
1.370613647858340300e+02
1.372848448871091023e+02
1.369328905481997936e+02
1.370926688445565560e+02
1.373701338426667462e+02
1.376519120982015920e+02
1.376270812198554268e+02
1.373604191307431392e+02
1.377004944424579662e+02
1.377328812078558258e+02
1.376875371009073206e+02
1.377458385494064714e+02
1.376324771839554160e+02
1.377922587745515557e+02
1.377447569408109302e+02
1.377631091483817727e+02
1.379131738308947206e+02
1.381096675231910922e+02
1.380438068934008697e+02
1.376950940860388073e+02
1.375795760918754240e+02
1.376206025490801039e+02
1.388308478980648033e+02
1.394667393173808705e+02
1.395315128481765896e+02
1.396481113528557216e+02
1.394365080826155463e+02
1.394516264451976895e+02
1.396275981242533817e+02
1.395604219948718310e+02
1.397056035165478534e+02
1.398009420983657947e+02
1.398540254716913296e+02
1.401877187436525674e+02
1.406492394842503018e+02
1.404195607225469757e+02
1.403740606882679458e+02
1.403751390026241097e+02
1.404228077444931841e+02
1.404953963091716105e+02
1.406882377880783679e+02
1.408789193440334202e+02
1.412342711418204999e+02
1.414563709567964906e+02
1.417380569736287725e+02
1.418171439745187854e+02
1.416557185584733816e+02
1.412472767988820124e+02
1.410522644162256256e+02
1.407304951927303591e+02
1.413285281150429000e+02
1.410273445934162737e+02
1.416058811090142626e+02
1.413274465064473588e+02
1.406817404499465738e+02
1.407207431460938096e+02
1.407348249213519011e+02
1.409146761163142401e+02
1.406579088242115176e+02
1.409970090410706689e+02
1.411486879008784854e+02
1.409569192459289297e+02
1.414477060091544445e+02
1.415332947404954211e+02
1.416979682765668258e+02
1.419168133830380611e+02
1.422190796113400211e+02
1.417770563755366311e+02
1.413762023473109366e+02
1.413198631674008539e+02
1.416557185584733816e+02
1.405170647177155843e+02
1.403101370712315656e+02
1.411400185609172695e+02
1.406254034661960759e+02
1.411443570741771509e+02
1.410403458581586165e+02
1.404802296310786005e+02
1.408366641355410138e+02
1.409818412648978665e+02
1.412071913960594429e+02
1.403794764178041987e+02
1.408897562935048882e+02
1.405105684776635826e+02
1.400707051648118977e+02
1.401855456437433531e+02
1.407879115889168133e+02
1.411519382170640711e+02
1.395550095595749553e+02
1.389168912344398450e+02
1.391530717265941348e+02
1.398226094088299760e+02
1.397432456918322714e+02
1.393062033459673330e+02
1.381864079275646873e+02
1.379754942514341565e+02
1.373851654569452876e+02
1.378863466434859220e+02
1.381168302976770974e+02
1.372829649745044662e+02
1.363175463979596316e+02
1.362958088103887349e+02
1.358076629290640085e+02
1.360609800544589234e+02
1.360196680965082123e+02
1.367480738364160970e+02
1.365969604877013808e+02
1.364915031005962192e+02
1.371698989925175738e+02
1.362860260175179974e+02
1.360718532405635415e+02
1.353945411533973129e+02
1.355152168283457286e+02
1.354097627354799442e+02
1.354608563882216004e+02
1.356619894676409785e+02
1.350673012963761721e+02
1.348998770704247363e+02
1.351314467255306226e+02
1.345682855231862050e+02
1.341268925851836684e+02
1.334637171772651527e+02
1.330397145289352920e+02
1.341638572452361586e+02
1.340529676573978577e+02
1.340616655474336767e+02
1.342258284764016025e+02
1.342453962583026623e+02
1.325352616136531196e+02
1.331951834111466724e+02
1.331593053010487893e+02
1.334658924733339518e+02
1.337442040909641037e+02
1.337974807263331058e+02
1.336333145031258027e+02
1.333843534602674481e+02
1.337181137150960240e+02
1.339214176982650315e+02
1.340214351980785068e+02
1.341258076823487499e+02
1.337431202862089776e+02
1.338105259142671457e+02
1.336778888561398162e+02
1.342279971839916470e+02
1.340692752403951999e+02
1.338931487320887754e+02
1.350422947252632184e+02
1.351716693883272455e+02
1.351803639841236873e+02
1.356945980451569085e+02
1.360131433063816075e+02
1.360196680965082123e+02
1.356609023686464752e+02
1.356827365872391056e+02
1.355757331037862059e+02
1.357351402491731278e+02
1.356576213062267016e+02
1.357253157292702781e+02
1.356838291766325710e+02
1.357395106067469897e+02
1.358596185744427203e+02
1.357537054842237012e+02
1.359622495041621733e+02
1.360998169405575027e+02
1.361107351479336103e+02
1.361696976404678026e+02
1.359818963478082878e+02
1.361806136516843253e+02
1.362766945354419477e+02
1.362417580287660712e+02
1.361314811694519449e+02
1.359109329412226543e+02
1.359556961639609654e+02
1.366097026056127106e+02
1.368291659310070827e+02
1.369165203746542829e+02
1.371370653086441962e+02
1.373980096962773132e+02
1.376054655191414895e+02
1.374427784094145863e+02
1.376207496917722892e+02
1.383773980439414117e+02
1.379362884105253215e+02
1.376840748553217963e+02
1.374711659682084246e+02
1.376545980013738699e+02
1.376818940688540351e+02
1.378161892274679303e+02
1.379570366282032410e+02
1.382605656482664926e+02
1.384057812104160803e+02
1.384428996016395104e+02
1.385859398677202989e+02
1.389244053944594270e+02
1.388588950521229890e+02
1.389811816101268960e+02
1.387988443625145010e+02
1.387901047454465697e+02
1.388294181981750626e+02
1.388315989846428238e+02
1.392552293839230515e+02
1.393349357018159935e+02
1.394080897775875201e+02
1.397301829346215527e+02
1.396952431337062990e+02
1.394899790781078082e+02
1.393829766927347009e+02
1.394168261004160740e+02
1.389866368705356763e+02
1.400621017096382275e+02
1.399125190841541553e+02
1.401963979663319151e+02
1.398393628122230439e+02
1.392257525299751251e+02
1.392301184952298172e+02
1.389921020136625884e+02
1.386884928337744896e+02
1.374324290073709562e+02
1.377546671109375893e+02
1.380023741466729916e+02
1.379103056464768997e+02
1.377919315467734123e+02
1.371441709829809952e+02
1.375288810420984191e+02
1.371101941980437005e+02
1.367682257967667283e+02
1.366925988453026548e+02
1.366114957699137449e+02
1.365183324841646026e+02
1.366191669553436441e+02
1.362651471283447790e+02
1.360711438810176332e+02
1.367660373237404201e+02
1.370838885985363049e+02
1.373776271391702721e+02
1.379179790280663838e+02
1.381843149874803203e+02
1.384287332742374019e+02
1.383607775082032276e+02
1.383563961698314415e+02
1.382018524198451814e+02
1.383278988030583605e+02
1.388276898205817815e+02
1.387641186871587706e+02
1.389383960290947471e+02
1.388638649612635163e+02
1.388419461905268690e+02
1.385120325092111671e+02
1.389756615630103624e+02
1.389690873592930984e+02
1.387695992034027768e+02
1.391674675526728606e+02
1.392968004887047755e+02
1.394809352929373745e+02
1.394612060933068278e+02
1.389997699048531103e+02
1.391334874734961886e+02
1.393516023569054596e+02
1.391893863234095079e+02
1.393592757384949437e+02
1.395686224547616803e+02
1.394907960494733743e+02
1.393647551566591574e+02
1.396179438067183582e+02
1.392814504312864301e+02
1.397889236150376746e+02
1.399664820193934247e+02
1.399478454091563435e+02
1.397670048443010273e+02
1.398459183485838366e+02
1.400585494215097242e+02
1.399599067175963683e+02
1.404268212261345070e+02
1.399215442019681177e+02
1.394381903408575454e+02
1.382676109282147081e+02
1.386687713207024899e+02
1.388923612299568049e+02
1.393735222257218993e+02
1.391897860244539515e+02
1.391336763432204862e+02
1.400677557224894372e+02
1.393834258073698038e+02
1.392723078189346779e+02
1.397960029354594553e+02
1.402195872153884011e+02
1.402206841971010363e+02
1.404715295448831966e+02
1.404517289700661422e+02
1.393713238699774593e+02
1.397949026595074429e+02
1.395385592262045975e+02
1.396892827565930020e+02
1.400721546301379021e+02
1.400424482775133583e+02
1.397079830554580440e+02
1.400919541068751641e+02
1.405419428134928239e+02
1.405397422615887990e+02
1.406398640789825549e+02
1.409182152274852342e+02
1.416762581409907398e+02
1.416212509318688717e+02
1.411437575226104855e+02
1.412702793743737857e+02
1.413582959601358198e+02
1.415860399052448884e+02
1.413869042329679360e+02
1.410315337678243850e+02
1.411404610870736178e+02
1.410260312899845303e+02
1.413946050665522307e+02
1.412691769022621884e+02
1.411514605523543651e+02
1.417180664310076281e+02
1.417862791477132305e+02
1.411668644156825394e+02
1.413714970754003843e+02
1.420525250645841879e+02
1.420580275424240426e+02
1.417653717084654090e+02
1.420547311068871750e+02
1.423913924885273445e+02
1.430647196441268534e+02
1.430273102617584300e+02
1.429668038690360845e+02
1.428622842420736561e+02
1.429624005690684498e+02
1.430867317516458570e+02
1.435378075572580201e+02
1.434772989683760898e+02
1.438315636671686661e+02
1.438755747052491643e+02
1.442056333330974667e+02
1.444773905124466182e+02
1.438436667026408031e+02
1.438403658747847658e+02
1.444454825098382571e+02
1.452222268202885971e+02
1.454070643955883497e+02
1.453663541853638890e+02
1.453784572208360260e+02
1.457050920358915391e+02
1.457834510098791725e+02
1.460107710961883640e+02
1.459842744307970861e+02
1.462612650584369476e+02
1.460593193999711730e+02
1.464036135342485068e+02
1.465514875475755616e+02
1.464621038524719552e+02
1.461200190547369857e+02
1.459898021644721666e+02
1.459644233443095800e+02
1.464709258255243185e+02
1.462414007949919323e+02
1.466331429571000626e+02
1.465680487870049546e+02
1.462270576767432431e+02
1.457073013724339035e+02
1.459600024750652665e+02
1.463837580554418309e+02
1.469498577193107849e+02
1.465316320687688858e+02
1.467037714493490057e+02
1.469564747481399536e+02
1.470326221894256378e+02
1.474398187265323656e+02
1.479595684423629507e+02
1.480202571163308392e+02
1.479463299923854436e+02
1.479772277615847713e+02
1.479132206904841667e+02
1.484164245400024527e+02
1.484462176409305982e+02
1.490685916980018817e+02
1.490564645047743113e+02
1.492462632045762518e+02
1.494813071841453791e+02
1.502206706623018988e+02
1.498984369510544354e+02
1.501599600267381618e+02
1.500043752971086803e+02
1.505340626350607351e+02
1.512447157189644429e+02
1.513219612400425547e+02
1.520535942364603841e+02
1.515812903523010107e+02
1.514334251236122952e+02
1.518637911443392738e+02
1.522489184737778203e+02
1.520105604893951465e+02
1.521352518421444699e+02
1.523040860025493828e+02
1.522025707218990362e+02
1.511696817305882803e+02
1.521341581546712121e+02
1.528679807221951421e+02
1.528161228059179564e+02
1.512314816613061055e+02
1.511376814892773552e+02
1.522621613160744971e+02
1.525490719965591495e+02
1.529639924269258415e+02
1.524761880484165602e+02
1.526443150454351496e+02
1.524297282923989485e+02
1.532692805708165622e+02
1.530115546550550505e+02
1.530204029820224321e+02
1.523622600737926120e+02
1.528732910360713220e+02
1.525060580149301757e+02
1.517041127732436223e+02
1.500592902675279845e+02
1.489420907097546376e+02
1.494476005268370216e+02
1.473315788052332209e+02
1.473138777589792880e+02
1.501289831957937793e+02
1.490792672297438628e+02
1.505636866317008469e+02
1.494774704933506371e+02
1.490471879266878830e+02
1.465185693115581671e+02
1.486390206870446207e+02
1.475428449649770926e+02
1.445341722185130493e+02
1.478238040529867874e+02
1.438682856515870299e+02
1.450463122413821111e+02
1.443616199599309766e+02
1.441525565482506863e+02
1.424336367162218266e+02
1.418949484182112428e+02
1.443848487398599900e+02
1.442344096121378243e+02
1.456635319119077394e+02
1.444799775884375777e+02
1.452620124473278338e+02
1.452044884393217217e+02
1.437244833181302965e+02
1.441691485339142673e+02
1.437797935972748746e+02
1.461093061882820621e+02
1.457730346249682043e+02
1.465075138442080060e+02
1.467198846722230883e+02
1.473017154271983600e+02
1.488281671274498592e+02
1.485383684971111222e+02
1.487883551464956042e+02
1.483580637951945107e+02
1.477087626254533177e+02
1.467619169705176319e+02
1.476169565663276160e+02
1.474985989378210149e+02
1.483768673135600409e+02
1.483989870328987024e+02
1.478912854485506330e+02
1.489033855932311496e+02
1.495748064823110042e+02
1.490516109920917813e+02
1.495040132780931970e+02
1.499907063998525416e+02
1.503302897718203610e+02
1.506743006015112485e+02
1.514739859949849858e+02
1.520152295246725487e+02
1.516159413582308559e+02
1.511989192031414575e+02
1.514085426355158859e+02
1.512055757628431536e+02
1.520096864178803742e+02
1.518078220173192392e+02
1.524832794477160576e+02
1.522193098502548025e+02
1.524455779761228484e+02
1.522060011231705801e+02
1.523590668577562326e+02
1.523745937060211588e+02
1.523402040430819113e+02
1.527738796763032667e+02
1.529391340965848656e+02
1.531365600586250082e+02
1.528260011317306351e+02
1.538441780499824461e+02
1.540615649064893375e+02
1.552294737890769909e+02
1.562110473155280204e+02
1.543321954559714584e+02
1.546538427926097654e+02
1.551185633377226338e+02
1.561267499260229386e+02
1.560724037609361119e+02
1.560879437861585473e+02
1.558649984497423873e+02
1.568798547747018972e+02
1.577294347177839597e+02
1.570118461619112793e+02
1.575420012818549083e+02
1.562986784752829124e+02
1.572026089757709713e+02
1.575375672356530856e+02
1.574610332702804669e+02
1.574610332702804669e+02
1.585413131892728131e+02
1.584126621607919958e+02
1.593753860495262131e+02
1.595572785748226750e+02
1.596315900266954202e+02
1.594352775175647992e+02
1.601362411453801258e+02
1.604323778922807548e+02
1.598988890020873157e+02
1.598123778837206999e+02
1.607129855947568728e+02
1.601107349479616175e+02
1.602316247484695566e+02
1.582673642426579761e+02
1.581653328645051886e+02
1.591391319860258307e+02
1.584481564920024255e+02
1.592411809334552970e+02
1.597513729627725922e+02
1.642189259713813669e+02
1.654067979445953540e+02
1.657295543418240129e+02
1.659059103488070548e+02
1.676095152619709268e+02
1.664606207290689497e+02
1.671784091354638520e+02
1.656883763496079780e+02
1.673039591866108537e+02
1.681928547785809940e+02
1.681472932518335881e+02
1.680139687957561989e+02
1.684384161664019928e+02
1.685028602732599836e+02
1.696439891858699127e+02
1.723529081105970988e+02
1.730140224227452279e+02
1.725551260928513955e+02
1.733095859719942098e+02
1.726373547000275437e+02
1.725473560802401778e+02
1.744284809649670649e+02
1.767129525190484571e+02
1.754773975289280941e+02
1.708017825574097230e+02
1.708373295964501892e+02
1.672195168505731715e+02
1.692195330305857794e+02
1.675172941286836874e+02
1.668550641674664519e+02
1.683484175466146269e+02
1.684284148556525622e+02
1.669128407338248223e+02
1.661172775318918582e+02
1.645617025593855658e+02
1.660017243991751172e+02
1.667706218314287696e+02
1.646861457461018006e+02
1.651750504005630944e+02
1.669795073541826866e+02
1.681706340359014291e+02
1.677839693947534840e+02
1.685484218000073895e+02
1.689839729535142112e+02
1.673083954289722612e+02
1.688550891321173992e+02
1.673706301992878878e+02
1.682239699675792224e+02
1.681750790629011760e+02
1.690639878318288254e+02
1.723662387992771698e+02
1.708995555821274763e+02
1.709395564328060289e+02
1.707262214907331952e+02
1.699750953818401911e+02
1.686239784743647476e+02
1.693039841512618011e+02
1.690195375618313562e+02
1.685217516380089080e+02
1.682061942518994044e+02
1.682106392788991513e+02
1.688995262251573592e+02
1.664995059306783958e+02
1.683306286539772998e+02
1.654594925976743696e+02
1.654194961393149867e+02
1.661617234095701576e+02
1.681661890089016822e+02
1.699795491934782774e+02
1.699194446979599604e+02
1.688642734715012637e+02
1.687084603412749573e+02
1.702756178594317760e+02
1.701509550567570557e+02
1.701732241149474874e+02
1.706362404402225081e+02
1.702310973123275915e+02
1.696255985455063353e+02
1.698971844244078682e+02
1.693183997427767906e+02
1.677645992672150612e+02
1.683522783951648023e+02
1.687351612495076267e+02
1.689844868548570673e+02
1.700797204244626926e+02
1.717136631555949577e+02
1.718739476667360293e+02
1.718116074807603297e+02
1.715044130703499548e+02
1.721722388461894013e+02
1.724527279560479371e+02
1.712951629851049518e+02
1.719451779067112227e+02
1.715756477026443179e+02
1.712951629851049518e+02
1.740109822432477529e+02
1.739798143464194879e+02
1.743760586356765714e+02
1.734678192700830266e+02
1.741668041581123987e+02
1.757918480506068306e+02
1.753822379341163185e+02
1.758319016091154197e+02
1.779333584003524891e+02
1.771230413983284677e+02
1.766110507143111761e+02
1.761524882006742416e+02
1.746921518847247796e+02
1.754045025999875804e+02
1.734410964002545086e+02
1.753644358645214822e+02
1.758675321022201103e+02
1.745007126537129523e+02
1.744205879674190953e+02
1.753510876065647324e+02
1.744695579338421965e+02
1.736815187746469462e+02
1.739887175773764909e+02
1.758586244789439377e+02
1.780134830866463460e+02
1.789929614768534236e+02
1.807070376789178852e+02
1.808138764504019207e+02
1.803241460399367213e+02
1.781114186271733786e+02
1.758274565821156727e+02
1.767980273490465777e+02
1.771764695687088249e+02
1.767089950394765481e+02
1.782449978377626110e+02
1.780554912271854562e+02
1.781223818558209757e+02
1.777210644379228768e+02
1.774446250463388139e+02
1.773287029588118173e+02
1.774357130307434716e+02
1.764636971908057319e+02
1.754158743143179606e+02
1.749120313823604818e+02
1.749833670379957482e+02
1.732578005289833243e+02
1.731953812812625699e+02
1.729679733485699842e+02
1.710239372763753352e+02
1.711443219601787575e+02
1.740559244529922296e+02
1.728654258729147557e+02
1.715010265922701080e+02
1.706404658512637695e+02
1.712156620081331937e+02
1.689594989511005849e+02
1.710685193159478956e+02
1.705736015765432683e+02
1.714564401603783779e+02
1.710417700922043593e+02
1.723615785486381071e+02
1.730660757972254657e+02
1.727049085688576895e+02
1.708188291481073691e+02
1.705780509958621849e+02
1.720940467803302170e+02
1.717150511284525862e+02
1.706226374277539151e+02
1.708455827641700751e+02
1.711220265480733076e+02
1.712022830039422558e+02
1.705379227679277108e+02
1.715411548202045822e+02
1.719201592567205523e+02
1.732132140970915941e+02
1.733514359890432104e+02
1.741049778734795552e+02
1.752018366011779733e+02
1.763789693540220185e+02
1.755942244342040510e+02
1.770165803662930273e+02
1.759464664700189758e+02
1.770477965786321590e+02
1.768962000748087746e+02
1.771994018670938829e+02
1.764280183821901744e+02
1.766019146904381785e+02
1.759063250651269925e+02
1.769675401227632108e+02
1.771458946349684709e+02
1.769987475504640031e+02
1.766375934990537360e+02
1.765929763209278178e+02
1.756923093135828537e+02
1.761738612257540524e+02
1.740826780690549356e+02
1.741941551295821853e+02
1.749253928172747408e+02
1.752335886764558097e+02
1.737328693780600304e+02
1.733130383348616022e+02
1.719105840009305837e+02
1.728931897223864951e+02
1.740008535552424007e+02
1.734738279627071904e+02
1.728395990361968586e+02
1.727681360033056706e+02
1.739383288918615733e+02
1.730986448438688683e+02
1.738445265236732382e+02
1.737552043210380077e+02
1.737328693780600304e+02
1.730316444072541060e+02
1.727324000945409068e+02
1.725850070401629353e+02
1.729333882274276846e+02
1.722544938072805678e+02
1.733040999653512415e+02
1.733085757385851764e+02
1.736837456804659894e+02
1.738579318817791943e+02
1.734023649298160024e+02
1.739561880616056158e+02
1.753541622299835296e+02
1.749789922881027167e+02
1.752067735679247278e+02
1.759392718512189902e+02
1.753452414297498478e+02
1.761670663079985104e+02
1.769174017994409667e+02
1.767923436880409724e+02
1.766628229803645524e+02
1.765288440687308764e+02
1.772747257485352463e+02
1.779670255267883192e+02
1.782483974927999668e+02
1.783868609623059172e+02
1.795883183787118185e+02
1.805083906521485630e+02
1.816473102282161278e+02
1.810532841990661552e+02
1.818885012584632648e+02
1.816160413080469596e+02
1.821252253001148063e+02
1.836929098965719902e+02
1.833936787608163002e+02
1.824601835599969206e+02
1.807004492001633196e+02
1.823530021876176477e+02
1.820180307507780242e+02
1.826433125231396559e+02
1.834294102772618942e+02
1.836214556483191416e+02
1.826299247343103787e+02
1.818304391913588631e+02
1.821252253001148063e+02
1.822234770876220580e+02
1.820716302216060001e+02
1.828934507075354929e+02
1.827103261367119273e+02
1.827594498343059684e+02
1.824463389699739935e+02
1.824239688884426585e+02
1.822047877695549403e+02
1.823210875965305320e+02
1.836764343073664065e+02
1.837703772297681724e+02
1.846739255984884664e+02
1.842579334422443651e+02
1.825447400963330153e+02
1.826968241475842376e+02
1.833633102660769225e+02
1.840432237042714121e+02
1.840029549221235072e+02
1.834393676648196276e+02
1.830725694832762827e+02
1.835467115530081799e+02
1.855685443823367393e+02
1.849915341976502248e+02
1.852956803385568207e+02
1.858056198095218576e+02
1.860963605923224975e+02
1.871654422935916671e+02
1.864586830006319076e+02
1.859934793004103710e+02
1.837122273162803765e+02
1.839716596480393207e+02
1.833320018150352269e+02
1.837390599940881373e+02
1.836316941443037365e+02
1.824105459610600235e+02
1.810149612143104321e+02
1.812341335485598108e+02
1.823166250002541062e+02
1.827549784533912032e+02
1.827952428432199383e+02
1.821019020853236441e+02
1.805542245026844910e+02
1.809657452780138271e+02
1.803708188234340639e+02
1.808852164983563569e+02
1.793151776188242081e+02
1.801963778676090158e+02
1.805944757155557170e+02
1.811715034695189104e+02
1.809970317674596743e+02
1.809567937315459574e+02
1.803752902043488291e+02
1.801069063261220151e+02
1.813817462188962679e+02
1.818648354427768652e+02
1.826297314722669114e+02
1.836182843938786107e+02
1.838419368936810940e+02
1.839403380200401159e+02
1.835869847274752544e+02
1.835645970766672406e+02
1.838687827484463639e+02
1.836585443913881761e+02
1.853225261933220906e+02
1.840834749171426381e+02
1.837077427584081022e+02
1.841818892204591691e+02
1.848394281848031540e+02
1.846023615422563751e+02
1.848442553435706657e+02
1.844679741449399160e+02
1.846337183088089375e+02
1.833391129797709880e+02
1.833167121520054650e+02
1.842663842643268879e+02
1.842708776068375016e+02
1.847188282773604158e+02
1.858342533381891997e+02
1.877963154882563401e+02
1.889968593022749417e+02
1.892073963370366698e+02
1.893820964396927309e+02
1.896195276447305957e+02
1.873214838244147984e+02
1.888579961317245477e+02
1.911246700085302734e+02
1.908872519804499177e+02
1.904348123597355595e+02
1.895747303815187195e+02
1.911336303396364826e+02
1.937586779298180488e+02
1.955057360565278657e+02
1.952727894093622751e+02
1.974633180410419016e+02
1.958013962367985812e+02
1.951697587785983785e+02
1.973961331270220114e+02
1.942424743170849695e+02
1.937407704445631396e+02
1.931180977097883158e+02
1.945694956562274172e+02
1.957565945812675352e+02
1.960432812534745324e+02
1.978575286865234091e+02
1.973916529614689068e+02
1.974319744514468482e+02
