1.111970443725585938e+02
1.170923156738281250e+02
1.179766006469726562e+02
1.107548980712890625e+02
1.132603836059570312e+02
1.113444290161132812e+02
1.129656295776367188e+02
1.134077758789062500e+02
1.150289688110351562e+02
1.120813369750976562e+02
1.170923156738281250e+02
1.141446838378906250e+02
1.113444290161132812e+02
1.120813369750976562e+02
1.222506790161132812e+02
1.263773727416992188e+02
1.268195114135742188e+02
1.282933197021484375e+02
1.287354736328125000e+02
1.365467071533203125e+02
1.372836151123046875e+02
1.445053253173828125e+02
1.421472167968750000e+02
1.394943542480468750e+02
1.356624145507812500e+02
1.384626770019531250e+02
1.371362304687500000e+02
1.365467071533203125e+02
1.302092895507812500e+02
1.330095367431640625e+02
1.231349716186523438e+02
1.347781219482421875e+02
1.294723815917968750e+02
1.307988128662109375e+02
1.234297256469726562e+02
1.306514434814453125e+02
1.274090423583984375e+02
1.338938446044921875e+02
1.285880889892578125e+02
1.288828582763671875e+02
1.352202758789062500e+02
1.347781219482421875e+02
1.350728912353515625e+02
1.307988128662109375e+02
1.310935821533203125e+02
1.290302429199218750e+02
1.359571838378906250e+02
1.316831054687500000e+02
1.328621673583984375e+02
1.312409667968750000e+02
1.363993225097656250e+02
1.290302429199218750e+02
1.387574310302734375e+02
1.316831054687500000e+02
1.197451858520507812e+02
1.344833679199218750e+02
1.316831054687500000e+02
1.358097991943359375e+02
1.294723815917968750e+02
1.291776275634765625e+02
1.294723815917968750e+02
1.277038040161132812e+02
1.259352188110351562e+02
1.282933197021484375e+02
1.309461975097656250e+02
1.293249969482421875e+02
1.361045684814453125e+02
1.316831054687500000e+02
1.241666412353515625e+02
1.297671508789062500e+02
1.275564193725585938e+02
1.262299804687500000e+02
1.284407196044921875e+02
1.347781219482421875e+02
1.334516906738281250e+02
1.310935821533203125e+02
1.296197662353515625e+02
1.327147827148437500e+02
1.346307525634765625e+02
1.309461975097656250e+02
1.272616577148437500e+02
1.306514434814453125e+02
1.300619049072265625e+02
1.290302429199218750e+02
1.344833679199218750e+02
1.307988128662109375e+02
1.333043060302734375e+02
1.266721267700195312e+02
1.275564193725585938e+02
1.277038040161132812e+02
1.285880889892578125e+02
1.315357208251953125e+02
1.296197662353515625e+02
1.310935821533203125e+02
1.324200286865234375e+02
1.359571838378906250e+02
1.322726287841796875e+02
1.334516906738281250e+02
1.319778747558593750e+02
1.358097991943359375e+02
1.328621673583984375e+02
1.389048156738281250e+02
1.394943542480468750e+02
1.324200286865234375e+02
1.396417236328125000e+02
1.335990753173828125e+02
1.347781219482421875e+02
1.359571838378906250e+02
1.337464599609375000e+02
1.346307525634765625e+02
1.324200286865234375e+02
1.368414764404296875e+02
1.358097991943359375e+02
1.380205230712890625e+02
1.346307525634765625e+02
1.394943542480468750e+02
1.285880889892578125e+02
1.330095367431640625e+02
1.391995849609375000e+02
1.361045684814453125e+02
1.358097991943359375e+02
1.375783843994140625e+02
1.349255065917968750e+02
1.377257690429687500e+02
1.341885986328125000e+02
1.403786315917968750e+02
1.338938446044921875e+02
1.383152923583984375e+02
1.409681701660156250e+02
1.362519531250000000e+02
1.386100616455078125e+02
1.390522003173828125e+02
1.355150299072265625e+02
1.372836151123046875e+02
1.362519531250000000e+02
1.347781219482421875e+02
1.372836151123046875e+02
1.372836151123046875e+02
1.393469696044921875e+02
1.330095367431640625e+02
1.369888610839843750e+02
1.375783843994140625e+02
1.372836151123046875e+02
1.355150299072265625e+02
1.378731536865234375e+02
1.421472167968750000e+02
1.419998474121093750e+02
1.448000946044921875e+02
1.418524475097656250e+02
1.417050781250000000e+02
1.436210327148437500e+02
1.412629241943359375e+02
1.396417236328125000e+02
1.434736633300781250e+02
1.409681701660156250e+02
1.386100616455078125e+02
1.378731536865234375e+02
1.399364929199218750e+02
1.380205230712890625e+02
1.393469696044921875e+02
1.368414764404296875e+02
1.369888610839843750e+02
1.393469696044921875e+02
1.372836151123046875e+02
1.384626770019531250e+02
1.352202758789062500e+02
1.390522003173828125e+02
1.399364929199218750e+02
1.375783843994140625e+02
1.380205230712890625e+02
1.371362304687500000e+02
1.362519531250000000e+02
1.403786315917968750e+02
1.377257690429687500e+02
1.333043060302734375e+02
1.374309997558593750e+02
1.374309997558593750e+02
1.362519531250000000e+02
1.350728912353515625e+02
1.355150299072265625e+02
1.266721267700195312e+02
1.355150299072265625e+02
1.328621673583984375e+02
1.334516906738281250e+02
1.347781219482421875e+02
1.325673980712890625e+02
1.333043060302734375e+02
1.343359832763671875e+02
1.302092895507812500e+02
1.281459503173828125e+02
1.369888610839843750e+02
1.355150299072265625e+02
1.324200286865234375e+02
1.381679077148437500e+02
1.318304901123046875e+02
1.390522003173828125e+02
1.337464599609375000e+02
1.366940917968750000e+02
1.439158020019531250e+02
1.274090423583984375e+02
1.247561645507812500e+02
1.269668960571289062e+02
1.328621673583984375e+02
1.312409667968750000e+02
1.356624145507812500e+02
1.324200286865234375e+02
1.335990753173828125e+02
1.256404647827148438e+02
1.257878417968750000e+02
1.272616577148437500e+02
1.309461975097656250e+02
1.284407196044921875e+02
1.206294784545898438e+02
1.243140258789062500e+02
1.272616577148437500e+02
1.265247497558593750e+02
1.250509338378906250e+02
1.256404647827148438e+02
1.222506790161132812e+02
1.243140258789062500e+02
1.235771179199218750e+02
1.226928176879882812e+02
1.213663864135742188e+02
1.246087875366210938e+02
1.210716247558593750e+02
1.235771179199218750e+02
1.204820938110351562e+02
1.175344619750976562e+02
1.250509338378906250e+02
1.162080307006835938e+02
1.187135086059570312e+02
1.184187545776367188e+02
1.223980636596679688e+02
1.150289688110351562e+02
1.235771179199218750e+02
1.170923156738281250e+02
1.206294784545898438e+02
1.134077758789062500e+02
1.165027847290039062e+02
1.151763534545898438e+02
1.165027847290039062e+02
1.131130065917968750e+02
1.213663864135742188e+02
1.198925704956054688e+02
1.232823486328125000e+02
1.287354736328125000e+02
1.197451858520507812e+02
1.274090423583984375e+02
1.225454406738281250e+02
1.234297256469726562e+02
1.238718795776367188e+02
1.263773727416992188e+02
1.272616577148437500e+02
1.182713699340820312e+02
1.194504165649414062e+02
1.185661315917968750e+02
1.244614028930664062e+02
1.260826034545898438e+02
1.213663864135742188e+02
1.139972991943359375e+02
1.193030395507812500e+02
1.173870773315429688e+02
1.145868225097656250e+02
1.191556625366210938e+02
1.266721267700195312e+02
1.313883514404296875e+02
1.268195114135742188e+02
1.324200286865234375e+02
1.321252593994140625e+02
1.355150299072265625e+02
1.278511886596679688e+02
1.306514434814453125e+02
1.288828582763671875e+02
1.334516906738281250e+02
1.315357208251953125e+02
1.315357208251953125e+02
1.297671508789062500e+02
1.328621673583984375e+02
1.296197662353515625e+02
1.293249969482421875e+02
1.303566741943359375e+02
1.294723815917968750e+02
1.287354736328125000e+02
1.316831054687500000e+02
1.322726287841796875e+02
1.371362304687500000e+02
1.310935821533203125e+02
1.306514434814453125e+02
1.302092895507812500e+02
1.306514434814453125e+02
1.254930725097656250e+02
1.287354736328125000e+02
1.251983108520507812e+02
1.244614028930664062e+02
1.260826034545898438e+02
1.246087875366210938e+02
1.193030395507812500e+02
1.195978088378906250e+02
1.206294784545898438e+02
1.279985656738281250e+02
1.265247497558593750e+02
1.256404647827148438e+02
1.228402023315429688e+02
1.269668960571289062e+02
1.265247497558593750e+02
1.327147827148437500e+02
1.310935821533203125e+02
1.244614028930664062e+02
1.243140258789062500e+02
1.309461975097656250e+02
1.322726287841796875e+02
1.281459503173828125e+02
1.300619049072265625e+02
1.259352188110351562e+02
1.318304901123046875e+02
1.297671508789062500e+02
1.307988128662109375e+02
1.315357208251953125e+02
1.302092895507812500e+02
1.349255065917968750e+02
1.318304901123046875e+02
1.338938446044921875e+02
1.355150299072265625e+02
1.358097991943359375e+02
1.397891082763671875e+02
1.356624145507812500e+02
1.371362304687500000e+02
1.365467071533203125e+02
1.371362304687500000e+02
1.366940917968750000e+02
1.355150299072265625e+02
1.377257690429687500e+02
1.390522003173828125e+02
1.374309997558593750e+02
1.396417236328125000e+02
1.358097991943359375e+02
1.384626770019531250e+02
1.374309997558593750e+02
1.391995849609375000e+02
1.378731536865234375e+02
1.340412139892578125e+02
1.343359832763671875e+02
1.372836151123046875e+02
1.358097991943359375e+02
1.402312622070312500e+02
1.380205230712890625e+02
1.365467071533203125e+02
1.316831054687500000e+02
1.337464599609375000e+02
1.381679077148437500e+02
1.378731536865234375e+02
1.365467071533203125e+02
1.405260162353515625e+02
1.346307525634765625e+02
1.355150299072265625e+02
1.430315093994140625e+02
1.328621673583984375e+02
1.390522003173828125e+02
1.374309997558593750e+02
1.394943542480468750e+02
1.389048156738281250e+02
1.431788940429687500e+02
1.381679077148437500e+02
1.433262634277343750e+02
1.378731536865234375e+02
1.414103088378906250e+02
1.391995849609375000e+02
1.343359832763671875e+02
1.383152923583984375e+02
1.391995849609375000e+02
1.368414764404296875e+02
1.417050781250000000e+02
1.386100616455078125e+02
1.425893554687500000e+02
1.455370025634765625e+02
1.443579406738281250e+02
1.450948486328125000e+02
1.386100616455078125e+02
1.419998474121093750e+02
1.411155395507812500e+02
1.419998474121093750e+02
1.424419860839843750e+02
1.448000946044921875e+02
1.380205230712890625e+02
1.406734008789062500e+02
1.433262634277343750e+02
1.343359832763671875e+02
1.418524475097656250e+02
1.445053253173828125e+02
1.462739105224609375e+02
1.387574310302734375e+02
1.440631866455078125e+02
1.467160491943359375e+02
1.456843872070312500e+02
1.433262634277343750e+02
1.394943542480468750e+02
1.408207855224609375e+02
1.397891082763671875e+02
1.396417236328125000e+02
1.330095367431640625e+02
1.350728912353515625e+02
1.319778747558593750e+02
1.362519531250000000e+02
1.313883514404296875e+02
1.284407196044921875e+02
1.316831054687500000e+02
1.285880889892578125e+02
1.259352188110351562e+02
1.294723815917968750e+02
1.260826034545898438e+02
1.306514434814453125e+02
1.321252593994140625e+02
1.427367553710937500e+02
1.492215423583984375e+02
1.527587127685546875e+02
1.486320190429687500e+02
1.439158020019531250e+02
1.477477264404296875e+02
1.419998474121093750e+02
1.558537139892578125e+02
1.501058349609375000e+02
1.506953582763671875e+02
1.560010986328125000e+02
1.549694366455078125e+02
1.536429901123046875e+02
1.534956207275390625e+02
1.508427429199218750e+02
1.557063446044921875e+02
1.504006042480468750e+02
1.552641906738281250e+02
1.586539764404296875e+02
1.515796508789062500e+02
1.539377746582031250e+02
1.561484985351562500e+02
1.537903747558593750e+02
1.536429901123046875e+02
1.527587127685546875e+02
1.573275299072265625e+02
1.548220520019531250e+02
1.586539764404296875e+02
1.549694366455078125e+02
1.509901123046875000e+02
1.504006042480468750e+02
1.509901123046875000e+02
1.526113281250000000e+02
1.476003417968750000e+02
1.430315093994140625e+02
1.468634338378906250e+02
1.478951110839843750e+02
1.484846343994140625e+02
1.477477264404296875e+02
1.483372497558593750e+02
1.489267883300781250e+02
1.462739105224609375e+02
1.521691741943359375e+02
1.449474792480468750e+02
1.468634338378906250e+02
1.459791412353515625e+02
1.452422332763671875e+02
1.489267883300781250e+02
1.468634338378906250e+02
1.465686645507812500e+02
1.489267883300781250e+02
1.455370025634765625e+02
1.487793884277343750e+02
1.481898803710937500e+02
1.455370025634765625e+02
1.453896179199218750e+02
1.455370025634765625e+02
1.487793884277343750e+02
1.512848968505859375e+02
1.505479888916015625e+02
1.524639282226562500e+02
1.501058349609375000e+02
1.480424804687500000e+02
1.501058349609375000e+02
1.461265258789062500e+02
1.483372497558593750e+02
1.493689270019531250e+02
1.487793884277343750e+02
1.464212951660156250e+02
1.512848968505859375e+02
1.477477264404296875e+02
1.490741577148437500e+02
1.509901123046875000e+02
1.470108184814453125e+02
1.542325286865234375e+02
1.546746826171875000e+02
1.536429901123046875e+02
1.548220520019531250e+02
1.536429901123046875e+02
1.536429901123046875e+02
1.502532043457031250e+02
1.492215423583984375e+02
1.534956207275390625e+02
1.453896179199218750e+02
1.540851440429687500e+02
1.506953582763671875e+02
1.468634338378906250e+02
1.496636962890625000e+02
1.548220520019531250e+02
1.552641906738281250e+02
1.484846343994140625e+02
1.532008361816406250e+02
1.524639282226562500e+02
1.548220520019531250e+02
1.552641906738281250e+02
1.552641906738281250e+02
1.558537139892578125e+02
1.568854064941406250e+02
1.543798980712890625e+02
1.589487304687500000e+02
1.562958679199218750e+02
1.562958679199218750e+02
1.549694366455078125e+02
1.561484985351562500e+02
1.586539764404296875e+02
1.560010986328125000e+02
1.604225463867187500e+02
1.537903747558593750e+02
1.546746826171875000e+02
1.568854064941406250e+02
1.512848968505859375e+02
1.548220520019531250e+02
1.568854064941406250e+02
1.554115905761718750e+02
1.532008361816406250e+02
1.524639282226562500e+02
1.505479888916015625e+02
1.534956207275390625e+02
1.593908843994140625e+02
1.574749145507812500e+02
1.554115905761718750e+02
1.565906219482421875e+02
1.539377746582031250e+02
1.501058349609375000e+02
1.540851440429687500e+02
1.539377746582031250e+02
1.527587127685546875e+02
1.526113281250000000e+02
1.518744201660156250e+02
1.551168060302734375e+02
1.495162963867187500e+02
1.498110656738281250e+02
1.464212951660156250e+02
1.514322662353515625e+02
1.471582031250000000e+02
1.489267883300781250e+02
1.495162963867187500e+02
1.495162963867187500e+02
1.518744201660156250e+02
1.468634338378906250e+02
1.483372497558593750e+02
1.464212951660156250e+02
1.487793884277343750e+02
1.449474792480468750e+02
1.421472167968750000e+02
1.440631866455078125e+02
1.408207855224609375e+02
1.498110656738281250e+02
1.439158020019531250e+02
1.458317565917968750e+02
1.473055725097656250e+02
1.448000946044921875e+02
1.437684173583984375e+02
1.458317565917968750e+02
1.511375122070312500e+02
1.481898803710937500e+02
1.459791412353515625e+02
1.453896179199218750e+02
1.461265258789062500e+02
1.464212951660156250e+02
1.502532043457031250e+02
1.437684173583984375e+02
1.478951110839843750e+02
1.452422332763671875e+02
1.409681701660156250e+02
1.377257690429687500e+02
1.365467071533203125e+02
1.387574310302734375e+02
1.390522003173828125e+02
1.434736633300781250e+02
1.390522003173828125e+02
1.409681701660156250e+02
1.400838775634765625e+02
1.383152923583984375e+02
1.391995849609375000e+02
1.399364929199218750e+02
1.428841247558593750e+02
1.408207855224609375e+02
1.400838775634765625e+02
1.418524475097656250e+02
1.428841247558593750e+02
1.389048156738281250e+02
1.378731536865234375e+02
1.408207855224609375e+02
1.430315093994140625e+02
1.418524475097656250e+02
1.433262634277343750e+02
1.458317565917968750e+02
1.422946014404296875e+02
1.464212951660156250e+02
1.415576934814453125e+02
1.437684173583984375e+02
1.396417236328125000e+02
1.436210327148437500e+02
1.434736633300781250e+02
1.417050781250000000e+02
1.452422332763671875e+02
1.393469696044921875e+02
1.405260162353515625e+02
1.355150299072265625e+02
1.393469696044921875e+02
1.372836151123046875e+02
1.417050781250000000e+02
1.411155395507812500e+02
1.405260162353515625e+02
1.464212951660156250e+02
1.415576934814453125e+02
1.391995849609375000e+02
1.408207855224609375e+02
1.402312622070312500e+02
1.417050781250000000e+02
1.353676605224609375e+02
1.394943542480468750e+02
1.461265258789062500e+02
1.408207855224609375e+02
1.406734008789062500e+02
1.325673980712890625e+02
1.358097991943359375e+02
1.358097991943359375e+02
1.372836151123046875e+02
1.372836151123046875e+02
1.358097991943359375e+02
1.341885986328125000e+02
1.284407196044921875e+02
1.296197662353515625e+02
1.282933197021484375e+02
1.291776275634765625e+02
1.302092895507812500e+02
1.386100616455078125e+02
1.341885986328125000e+02
1.361045684814453125e+02
1.374309997558593750e+02
1.378731536865234375e+02
1.318304901123046875e+02
1.387574310302734375e+02
1.414103088378906250e+02
1.377257690429687500e+02
1.387574310302734375e+02
1.446527099609375000e+02
1.375783843994140625e+02
1.418524475097656250e+02
1.371362304687500000e+02
1.422946014404296875e+02
1.415576934814453125e+02
1.448000946044921875e+02
1.394943542480468750e+02
1.374309997558593750e+02
1.400838775634765625e+02
1.381679077148437500e+02
1.405260162353515625e+02
1.358097991943359375e+02
1.422946014404296875e+02
1.394943542480468750e+02
1.402312622070312500e+02
1.405260162353515625e+02
1.390522003173828125e+02
1.389048156738281250e+02
1.425893554687500000e+02
1.393469696044921875e+02
1.365467071533203125e+02
1.411155395507812500e+02
1.406734008789062500e+02
1.424419860839843750e+02
1.386100616455078125e+02
1.338938446044921875e+02
1.415576934814453125e+02
1.374309997558593750e+02
1.409681701660156250e+02
1.359571838378906250e+02
1.375783843994140625e+02
1.328621673583984375e+02
1.411155395507812500e+02
1.427367553710937500e+02
1.372836151123046875e+02
1.400838775634765625e+02
1.384626770019531250e+02
1.422946014404296875e+02
1.337464599609375000e+02
1.313883514404296875e+02
1.391995849609375000e+02
1.442105712890625000e+02
1.399364929199218750e+02
1.422946014404296875e+02
1.402312622070312500e+02
1.396417236328125000e+02
1.403786315917968750e+02
1.421472167968750000e+02
1.400838775634765625e+02
1.411155395507812500e+02
1.421472167968750000e+02
1.349255065917968750e+02
1.490741577148437500e+02
1.453896179199218750e+02
1.470108184814453125e+02
1.495162963867187500e+02
1.458317565917968750e+02
1.486320190429687500e+02
1.459791412353515625e+02
1.490741577148437500e+02
1.456843872070312500e+02
1.499584503173828125e+02
1.474529724121093750e+02
1.446527099609375000e+02
1.456843872070312500e+02
1.467160491943359375e+02
1.490741577148437500e+02
1.449474792480468750e+02
1.433262634277343750e+02
1.415576934814453125e+02
1.362519531250000000e+02
1.414103088378906250e+02
1.366940917968750000e+02
1.415576934814453125e+02
1.374309997558593750e+02
1.411155395507812500e+02
1.428841247558593750e+02
1.403786315917968750e+02
1.393469696044921875e+02
1.411155395507812500e+02
1.335990753173828125e+02
1.368414764404296875e+02
1.381679077148437500e+02
1.362519531250000000e+02
1.380205230712890625e+02
1.366940917968750000e+02
1.346307525634765625e+02
1.346307525634765625e+02
1.366940917968750000e+02
1.377257690429687500e+02
1.409681701660156250e+02
1.380205230712890625e+02
1.425893554687500000e+02
1.394943542480468750e+02
1.393469696044921875e+02
1.394943542480468750e+02
1.386100616455078125e+02
1.405260162353515625e+02
1.419998474121093750e+02
1.412629241943359375e+02
1.403786315917968750e+02
1.400838775634765625e+02
1.396417236328125000e+02
1.440631866455078125e+02
1.350728912353515625e+02
1.378731536865234375e+02
1.356624145507812500e+02
1.442105712890625000e+02
1.412629241943359375e+02
1.439158020019531250e+02
1.391995849609375000e+02
1.391995849609375000e+02
1.414103088378906250e+02
1.417050781250000000e+02
1.390522003173828125e+02
1.366940917968750000e+02
1.391995849609375000e+02
1.377257690429687500e+02
1.421472167968750000e+02
1.450948486328125000e+02
1.428841247558593750e+02
1.421472167968750000e+02
1.352202758789062500e+02
1.421472167968750000e+02
1.431788940429687500e+02
1.412629241943359375e+02
1.418524475097656250e+02
1.422946014404296875e+02
1.411155395507812500e+02
1.386100616455078125e+02
1.440631866455078125e+02
1.446527099609375000e+02
1.449474792480468750e+02
1.436210327148437500e+02
1.412629241943359375e+02
1.468634338378906250e+02
1.473055725097656250e+02
1.450948486328125000e+02
1.464212951660156250e+02
1.493689270019531250e+02
1.442105712890625000e+02
1.433262634277343750e+02
1.467160491943359375e+02
1.437684173583984375e+02
1.427367553710937500e+02
1.436210327148437500e+02
1.422946014404296875e+02
1.377257690429687500e+02
1.386100616455078125e+02
1.425893554687500000e+02
1.389048156738281250e+02
1.425893554687500000e+02
1.431788940429687500e+02
1.442105712890625000e+02
1.427367553710937500e+02
1.418524475097656250e+02
1.396417236328125000e+02
1.378731536865234375e+02
1.433262634277343750e+02
1.371362304687500000e+02
1.389048156738281250e+02
1.430315093994140625e+02
1.468634338378906250e+02
1.459791412353515625e+02
1.396417236328125000e+02
1.489267883300781250e+02
1.417050781250000000e+02
1.399364929199218750e+02
1.411155395507812500e+02
1.414103088378906250e+02
1.428841247558593750e+02
1.428841247558593750e+02
1.394943542480468750e+02
1.372836151123046875e+02
1.449474792480468750e+02
1.434736633300781250e+02
1.405260162353515625e+02
1.462739105224609375e+02
1.425893554687500000e+02
1.437684173583984375e+02
1.406734008789062500e+02
1.402312622070312500e+02
1.436210327148437500e+02
1.397891082763671875e+02
1.405260162353515625e+02
1.427367553710937500e+02
1.411155395507812500e+02
1.455370025634765625e+02
1.452422332763671875e+02
1.440631866455078125e+02
1.417050781250000000e+02
1.406734008789062500e+02
1.446527099609375000e+02
1.464212951660156250e+02
1.456843872070312500e+02
1.456843872070312500e+02
1.424419860839843750e+02
1.391995849609375000e+02
1.397891082763671875e+02
1.442105712890625000e+02
1.437684173583984375e+02
1.445053253173828125e+02
1.425893554687500000e+02
1.473055725097656250e+02
1.437684173583984375e+02
1.446527099609375000e+02
1.484846343994140625e+02
1.480424804687500000e+02
1.449474792480468750e+02
1.449474792480468750e+02
1.471582031250000000e+02
1.474529724121093750e+02
1.462739105224609375e+02
1.490741577148437500e+02
1.468634338378906250e+02
1.449474792480468750e+02
1.465686645507812500e+02
1.450948486328125000e+02
1.419998474121093750e+02
1.390522003173828125e+02
1.402312622070312500e+02
1.381679077148437500e+02
1.431788940429687500e+02
1.433262634277343750e+02
1.355150299072265625e+02
1.440631866455078125e+02
1.361045684814453125e+02
1.393469696044921875e+02
1.414103088378906250e+02
1.424419860839843750e+02
1.347781219482421875e+02
1.396417236328125000e+02
1.411155395507812500e+02
1.358097991943359375e+02
1.377257690429687500e+02
1.449474792480468750e+02
1.397891082763671875e+02
1.439158020019531250e+02
1.496636962890625000e+02
1.477477264404296875e+02
1.515796508789062500e+02
1.509901123046875000e+02
1.505479888916015625e+02
1.501058349609375000e+02
1.508427429199218750e+02
1.468634338378906250e+02
1.465686645507812500e+02
1.412629241943359375e+02
1.409681701660156250e+02
1.414103088378906250e+02
1.408207855224609375e+02
1.366940917968750000e+02
1.362519531250000000e+02
1.352202758789062500e+02
1.312409667968750000e+02
1.365467071533203125e+02
1.371362304687500000e+02
1.358097991943359375e+02
1.346307525634765625e+02
1.390522003173828125e+02
1.322726287841796875e+02
1.338938446044921875e+02
1.346307525634765625e+02
1.352202758789062500e+02
1.362519531250000000e+02
1.321252593994140625e+02
1.346307525634765625e+02
1.402312622070312500e+02
1.393469696044921875e+02
1.359571838378906250e+02
1.337464599609375000e+02
1.355150299072265625e+02
1.378731536865234375e+02
1.369888610839843750e+02
1.433262634277343750e+02
1.325673980712890625e+02
1.378731536865234375e+02
1.402312622070312500e+02
1.408207855224609375e+02
1.374309997558593750e+02
1.341885986328125000e+02
1.374309997558593750e+02
1.361045684814453125e+02
1.425893554687500000e+02
1.389048156738281250e+02
1.409681701660156250e+02
1.414103088378906250e+02
1.399364929199218750e+02
1.443579406738281250e+02
1.445053253173828125e+02
1.417050781250000000e+02
1.359571838378906250e+02
1.368414764404296875e+02
1.419998474121093750e+02
1.448000946044921875e+02
1.445053253173828125e+02
1.393469696044921875e+02
1.396417236328125000e+02
1.425893554687500000e+02
1.366940917968750000e+02
1.428841247558593750e+02
1.381679077148437500e+02
1.312409667968750000e+02
1.238718795776367188e+02
1.296197662353515625e+02
1.250509338378906250e+02
1.254930725097656250e+02
1.187135086059570312e+02
1.216611557006835938e+02
1.191556625366210938e+02
1.256404647827148438e+02
1.222506790161132812e+02
1.247561645507812500e+02
1.297671508789062500e+02
1.281459503173828125e+02
1.223980636596679688e+02
1.206294784545898438e+02
1.260826034545898438e+02
1.291776275634765625e+02
1.266721267700195312e+02
1.290302429199218750e+02
1.287354736328125000e+02
1.222506790161132812e+02
1.316831054687500000e+02
1.290302429199218750e+02
1.337464599609375000e+02
1.260826034545898438e+02
1.240192565917968750e+02
1.316831054687500000e+02
1.282933197021484375e+02
1.331569366455078125e+02
1.223980636596679688e+02
1.221032943725585938e+02
1.207768554687500000e+02
1.215137710571289062e+02
1.226928176879882812e+02
1.212190017700195312e+02
1.234297256469726562e+02
1.268195114135742188e+02
1.190082778930664062e+02
1.222506790161132812e+02
1.228402023315429688e+02
1.272616577148437500e+02
1.271142807006835938e+02
1.274090423583984375e+02
1.293249969482421875e+02
1.338938446044921875e+02
1.325673980712890625e+02
1.275564193725585938e+02
1.290302429199218750e+02
1.277038040161132812e+02
1.313883514404296875e+02
1.250509338378906250e+02
1.225454406738281250e+02
1.234297256469726562e+02
1.154711227416992188e+02
1.235771179199218750e+02
1.231349716186523438e+02
1.184187545776367188e+02
1.262299804687500000e+02
1.232823486328125000e+02
1.234297256469726562e+02
1.231349716186523438e+02
1.277038040161132812e+02
1.374309997558593750e+02
1.343359832763671875e+02
1.335990753173828125e+02
1.284407196044921875e+02
1.150289688110351562e+02
1.061860656738281250e+02
1.051543960571289062e+02
1.051543960571289062e+02
1.144394454956054688e+02
1.163554077148437500e+02
1.050070037841796875e+02
1.044174804687500000e+02
1.206294784545898438e+02
1.534956207275390625e+02
1.237244949340820312e+02
1.218085327148437500e+02
1.216611557006835938e+02
1.238718795776367188e+02
1.165027847290039062e+02
1.222506790161132812e+02
1.213663864135742188e+02
1.195978088378906250e+02
1.228402023315429688e+02
1.310935821533203125e+02
1.306514434814453125e+02
1.229875869750976562e+02
1.206294784545898438e+02
1.113444290161132812e+02
1.150289688110351562e+02
1.338938446044921875e+02
1.419998474121093750e+02
1.478951110839843750e+02
1.473055725097656250e+02
1.383152923583984375e+02
1.442105712890625000e+02
1.465686645507812500e+02
1.394943542480468750e+02
1.476003417968750000e+02
1.427367553710937500e+02
1.458317565917968750e+02
1.473055725097656250e+02
1.474529724121093750e+02
1.473055725097656250e+02
1.433262634277343750e+02
1.417050781250000000e+02
1.437684173583984375e+02
1.422946014404296875e+02
1.371362304687500000e+02
1.436210327148437500e+02
1.470108184814453125e+02
1.445053253173828125e+02
1.428841247558593750e+02
1.478951110839843750e+02
1.440631866455078125e+02
1.422946014404296875e+02
1.462739105224609375e+02
1.459791412353515625e+02
1.424419860839843750e+02
1.428841247558593750e+02
1.440631866455078125e+02
1.371362304687500000e+02
1.338938446044921875e+02
1.275564193725585938e+02
1.303566741943359375e+02
1.299145355224609375e+02
1.322726287841796875e+02
1.318304901123046875e+02
1.290302429199218750e+02
1.340412139892578125e+02
1.337464599609375000e+02
1.394943542480468750e+02
1.318304901123046875e+02
1.356624145507812500e+02
1.344833679199218750e+02
1.384626770019531250e+02
1.338938446044921875e+02
1.324200286865234375e+02
1.368414764404296875e+02
1.321252593994140625e+02
1.353676605224609375e+02
1.434736633300781250e+02
1.389048156738281250e+02
1.394943542480468750e+02
1.344833679199218750e+02
1.327147827148437500e+02
1.359571838378906250e+02
1.347781219482421875e+02
1.321252593994140625e+02
1.278511886596679688e+02
1.300619049072265625e+02
1.228402023315429688e+02
1.226928176879882812e+02
1.240192565917968750e+02
1.275564193725585938e+02
1.251983108520507812e+02
1.238718795776367188e+02
1.200399475097656250e+02
1.238718795776367188e+02
1.254930725097656250e+02
1.228402023315429688e+02
1.277038040161132812e+02
1.294723815917968750e+02
1.201873397827148438e+02
1.176818466186523438e+02
1.212190017700195312e+02
1.223980636596679688e+02
1.240192565917968750e+02
1.207768554687500000e+02
1.204820938110351562e+02
1.210716247558593750e+02
1.269668960571289062e+02
1.237244949340820312e+02
1.244614028930664062e+02
1.257878417968750000e+02
1.253456954956054688e+02
1.222506790161132812e+02
1.272616577148437500e+02
1.218085327148437500e+02
1.240192565917968750e+02
1.221032943725585938e+02
1.194504165649414062e+02
1.203347167968750000e+02
1.218085327148437500e+02
1.244614028930664062e+02
1.225454406738281250e+02
1.228402023315429688e+02
1.281459503173828125e+02
1.251983108520507812e+02
1.296197662353515625e+02
1.288828582763671875e+02
1.296197662353515625e+02
1.337464599609375000e+02
1.253456954956054688e+02
1.303566741943359375e+02
1.387574310302734375e+02
1.333043060302734375e+02
1.303566741943359375e+02
1.347781219482421875e+02
1.321252593994140625e+02
1.310935821533203125e+02
1.362519531250000000e+02
1.355150299072265625e+02
1.334516906738281250e+02
1.356624145507812500e+02
1.375783843994140625e+02
1.378731536865234375e+02
1.421472167968750000e+02
1.470108184814453125e+02
1.471582031250000000e+02
1.422946014404296875e+02
1.371362304687500000e+02
1.318304901123046875e+02
1.338938446044921875e+02
1.288828582763671875e+02
1.307988128662109375e+02
1.263773727416992188e+02
1.313883514404296875e+02
1.269668960571289062e+02
1.275564193725585938e+02
1.257878417968750000e+02
1.399364929199218750e+02
1.334516906738281250e+02
1.322726287841796875e+02
1.244614028930664062e+02
1.272616577148437500e+02
1.268195114135742188e+02
1.263773727416992188e+02
1.279985656738281250e+02
1.251983108520507812e+02
1.241666412353515625e+02
1.275564193725585938e+02
1.300619049072265625e+02
1.271142807006835938e+02
1.232823486328125000e+02
1.247561645507812500e+02
1.229875869750976562e+02
1.269668960571289062e+02
1.302092895507812500e+02
1.241666412353515625e+02
1.282933197021484375e+02
1.257878417968750000e+02
1.235771179199218750e+02
1.316831054687500000e+02
1.290302429199218750e+02
1.305040588378906250e+02
1.319778747558593750e+02
1.356624145507812500e+02
1.361045684814453125e+02
1.312409667968750000e+02
1.353676605224609375e+02
1.235771179199218750e+02
1.293249969482421875e+02
1.399364929199218750e+02
1.390522003173828125e+02
1.433262634277343750e+02
1.484846343994140625e+02
1.534956207275390625e+02
1.462739105224609375e+02
1.449474792480468750e+02
1.362519531250000000e+02
1.431788940429687500e+02
1.464212951660156250e+02
1.436210327148437500e+02
1.343359832763671875e+02
1.375783843994140625e+02
1.300619049072265625e+02
1.260826034545898438e+02
1.197451858520507812e+02
1.300619049072265625e+02
1.316831054687500000e+02
1.365467071533203125e+02
1.363993225097656250e+02
1.229875869750976562e+02
1.284407196044921875e+02
1.335990753173828125e+02
1.279985656738281250e+02
1.365467071533203125e+02
1.231349716186523438e+02
1.325673980712890625e+02
1.297671508789062500e+02
1.303566741943359375e+02
1.231349716186523438e+02
1.201873397827148438e+02
1.274090423583984375e+02
1.359571838378906250e+02
1.305040588378906250e+02
1.333043060302734375e+02
1.318304901123046875e+02
1.366940917968750000e+02
1.361045684814453125e+02
1.353676605224609375e+02
1.400838775634765625e+02
1.530534667968750000e+02
1.483372497558593750e+02
1.505479888916015625e+02
1.419998474121093750e+02
1.477477264404296875e+02
1.458317565917968750e+02
1.458317565917968750e+02
1.481898803710937500e+02
1.505479888916015625e+02
1.476003417968750000e+02
1.542325286865234375e+02
1.478951110839843750e+02
1.322726287841796875e+02
1.279985656738281250e+02
1.406734008789062500e+02
1.297671508789062500e+02
1.228402023315429688e+02
1.221032943725585938e+02
1.129656295776367188e+02
1.154711227416992188e+02
1.185661315917968750e+02
1.263773727416992188e+02
1.350728912353515625e+02
1.378731536865234375e+02
1.365467071533203125e+02
1.307988128662109375e+02
1.259352188110351562e+02
1.353676605224609375e+02
1.330095367431640625e+02
1.417050781250000000e+02
1.333043060302734375e+02
1.322726287841796875e+02
1.340412139892578125e+02
1.306514434814453125e+02
1.363993225097656250e+02
1.325673980712890625e+02
1.363993225097656250e+02
1.272616577148437500e+02
1.334516906738281250e+02
1.279985656738281250e+02
1.341885986328125000e+02
1.257878417968750000e+02
1.285880889892578125e+02
1.281459503173828125e+02
1.266721267700195312e+02
1.312409667968750000e+02
1.322726287841796875e+02
1.310935821533203125e+02
1.337464599609375000e+02
1.254930725097656250e+02
1.325673980712890625e+02
1.377257690429687500e+02
1.334516906738281250e+02
1.343359832763671875e+02
1.296197662353515625e+02
1.263773727416992188e+02
1.251983108520507812e+02
1.299145355224609375e+02
1.265247497558593750e+02
1.299145355224609375e+02
1.296197662353515625e+02
1.291776275634765625e+02
1.250509338378906250e+02
1.262299804687500000e+02
1.291776275634765625e+02
1.256404647827148438e+02
1.288828582763671875e+02
1.358097991943359375e+02
1.302092895507812500e+02
1.302092895507812500e+02
1.321252593994140625e+02
1.303566741943359375e+02
1.302092895507812500e+02
1.325673980712890625e+02
1.291776275634765625e+02
1.350728912353515625e+02
1.291776275634765625e+02
1.363993225097656250e+02
1.268195114135742188e+02
1.437684173583984375e+02
1.414103088378906250e+02
1.340412139892578125e+02
1.422946014404296875e+02
1.409681701660156250e+02
1.327147827148437500e+02
1.309461975097656250e+02
1.362519531250000000e+02
1.347781219482421875e+02
1.353676605224609375e+02
1.366940917968750000e+02
1.337464599609375000e+02
1.324200286865234375e+02
1.291776275634765625e+02
1.300619049072265625e+02
1.266721267700195312e+02
1.315357208251953125e+02
1.340412139892578125e+02
1.328621673583984375e+02
1.350728912353515625e+02
1.324200286865234375e+02
1.363993225097656250e+02
1.366940917968750000e+02
1.319778747558593750e+02
1.297671508789062500e+02
1.328621673583984375e+02
1.271142807006835938e+02
1.226928176879882812e+02
1.302092895507812500e+02
1.266721267700195312e+02
1.254930725097656250e+02
1.287354736328125000e+02
1.281459503173828125e+02
1.312409667968750000e+02
1.293249969482421875e+02
1.232823486328125000e+02
1.262299804687500000e+02
1.278511886596679688e+02
1.312409667968750000e+02
1.265247497558593750e+02
1.337464599609375000e+02
1.318304901123046875e+02
1.355150299072265625e+02
1.328621673583984375e+02
1.366940917968750000e+02
1.372836151123046875e+02
1.313883514404296875e+02
1.328621673583984375e+02
1.309461975097656250e+02
1.277038040161132812e+02
1.303566741943359375e+02
1.294723815917968750e+02
1.265247497558593750e+02
1.313883514404296875e+02
1.296197662353515625e+02
1.334516906738281250e+02
1.281459503173828125e+02
1.288828582763671875e+02
1.268195114135742188e+02
1.269668960571289062e+02
1.294723815917968750e+02
1.281459503173828125e+02
1.337464599609375000e+02
1.365467071533203125e+02
1.328621673583984375e+02
1.328621673583984375e+02
1.244614028930664062e+02
1.204820938110351562e+02
1.070703506469726562e+02
1.091336975097656250e+02
1.268195114135742188e+02
1.363993225097656250e+02
1.393469696044921875e+02
1.361045684814453125e+02
1.389048156738281250e+02
1.384626770019531250e+02
1.445053253173828125e+02
1.396417236328125000e+02
1.489267883300781250e+02
1.533482360839843750e+02
1.450948486328125000e+02
1.443579406738281250e+02
1.428841247558593750e+02
1.498110656738281250e+02
1.458317565917968750e+02
1.518744201660156250e+02
1.417050781250000000e+02
1.486320190429687500e+02
1.474529724121093750e+02
1.450948486328125000e+02
1.380205230712890625e+02
1.390522003173828125e+02
1.456843872070312500e+02
1.425893554687500000e+02
1.477477264404296875e+02
1.437684173583984375e+02
1.381679077148437500e+02
1.352202758789062500e+02
1.422946014404296875e+02
1.380205230712890625e+02
1.334516906738281250e+02
1.302092895507812500e+02
1.300619049072265625e+02
1.226928176879882812e+02
1.129656295776367188e+02
1.145868225097656250e+02
1.204820938110351562e+02
1.203347167968750000e+02
1.285880889892578125e+02
1.221032943725585938e+02
1.179766006469726562e+02
1.131130065917968750e+02
1.173870773315429688e+02
1.172396926879882812e+02
1.145868225097656250e+02
1.113444290161132812e+02
1.135551528930664062e+02
1.148815917968750000e+02
1.107548980712890625e+02
1.234297256469726562e+02
1.212190017700195312e+02
1.253456954956054688e+02
1.238718795776367188e+02
1.207768554687500000e+02
1.187135086059570312e+02
1.316831054687500000e+02
1.150289688110351562e+02
1.216611557006835938e+02
1.184187545776367188e+02
1.232823486328125000e+02
1.254930725097656250e+02
1.247561645507812500e+02
1.306514434814453125e+02
1.218085327148437500e+02
1.330095367431640625e+02
1.266721267700195312e+02
1.284407196044921875e+02
1.319778747558593750e+02
1.306514434814453125e+02
1.350728912353515625e+02
1.381679077148437500e+02
1.290302429199218750e+02
1.347781219482421875e+02
1.266721267700195312e+02
1.310935821533203125e+02
1.138499145507812500e+02
1.257878417968750000e+02
1.221032943725585938e+02
1.231349716186523438e+02
1.160606460571289062e+02
1.195978088378906250e+02
1.201873397827148438e+02
1.272616577148437500e+02
1.244614028930664062e+02
1.277038040161132812e+02
1.355150299072265625e+02
1.284407196044921875e+02
1.315357208251953125e+02
1.241666412353515625e+02
1.319778747558593750e+02
1.285880889892578125e+02
1.318304901123046875e+02
1.456843872070312500e+02
1.415576934814453125e+02
1.335990753173828125e+02
1.310935821533203125e+02
1.297671508789062500e+02
1.294723815917968750e+02
1.297671508789062500e+02
1.278511886596679688e+02
1.232823486328125000e+02
1.297671508789062500e+02
1.394943542480468750e+02
1.389048156738281250e+02
1.375783843994140625e+02
1.362519531250000000e+02
1.424419860839843750e+02
1.443579406738281250e+02
1.431788940429687500e+02
1.383152923583984375e+02
1.396417236328125000e+02
1.346307525634765625e+02
1.296197662353515625e+02
1.335990753173828125e+02
1.399364929199218750e+02
1.389048156738281250e+02
1.307988128662109375e+02
1.346307525634765625e+02
1.353676605224609375e+02
1.409681701660156250e+02
1.365467071533203125e+02
1.349255065917968750e+02
1.324200286865234375e+02
1.389048156738281250e+02
1.399364929199218750e+02
1.418524475097656250e+02
1.452422332763671875e+02
1.483372497558593750e+02
1.456843872070312500e+02
1.490741577148437500e+02
1.461265258789062500e+02
1.477477264404296875e+02
1.532008361816406250e+02
1.542325286865234375e+02
1.523165588378906250e+02
1.436210327148437500e+02
1.486320190429687500e+02
1.506953582763671875e+02
1.498110656738281250e+02
1.499584503173828125e+02
1.486320190429687500e+02
1.505479888916015625e+02
1.542325286865234375e+02
1.480424804687500000e+02
1.517270202636718750e+02
1.477477264404296875e+02
1.468634338378906250e+02
1.487793884277343750e+02
1.504006042480468750e+02
1.387574310302734375e+02
1.312409667968750000e+02
1.259352188110351562e+02
1.368414764404296875e+02
1.347781219482421875e+02
1.383152923583984375e+02
1.363993225097656250e+02
1.318304901123046875e+02
1.229875869750976562e+02
1.219559097290039062e+02
1.215137710571289062e+02
1.434736633300781250e+02
1.290302429199218750e+02
1.358097991943359375e+02
1.496636962890625000e+02
1.530534667968750000e+02
1.473055725097656250e+02
1.243140258789062500e+02
1.215137710571289062e+02
1.508427429199218750e+02
1.505479888916015625e+02
1.480424804687500000e+02
1.546746826171875000e+02
1.512848968505859375e+02
1.560010986328125000e+02
1.548220520019531250e+02
1.551168060302734375e+02
1.582118225097656250e+02
1.552641906738281250e+02
1.471582031250000000e+02
1.417050781250000000e+02
1.350728912353515625e+02
1.478951110839843750e+02
1.440631866455078125e+02
1.470108184814453125e+02
1.448000946044921875e+02
1.453896179199218750e+02
1.408207855224609375e+02
1.471582031250000000e+02
1.527587127685546875e+02
1.470108184814453125e+02
1.486320190429687500e+02
1.474529724121093750e+02
1.393469696044921875e+02
1.359571838378906250e+02
1.378731536865234375e+02
1.489267883300781250e+02
1.468634338378906250e+02
1.458317565917968750e+02
1.462739105224609375e+02
1.514322662353515625e+02
1.476003417968750000e+02
1.486320190429687500e+02
1.490741577148437500e+02
1.490741577148437500e+02
1.512848968505859375e+02
1.462739105224609375e+02
1.443579406738281250e+02
1.539377746582031250e+02
1.445053253173828125e+02
1.486320190429687500e+02
1.433262634277343750e+02
1.223980636596679688e+02
1.204820938110351562e+02
1.222506790161132812e+02
1.195978088378906250e+02
1.216611557006835938e+02
1.209242477416992188e+02
1.218085327148437500e+02
1.218085327148437500e+02
1.377257690429687500e+02
1.446527099609375000e+02
1.378731536865234375e+02
1.369888610839843750e+02
1.234297256469726562e+02
1.231349716186523438e+02
1.235771179199218750e+02
1.260826034545898438e+02
1.206294784545898438e+02
1.251983108520507812e+02
1.243140258789062500e+02
1.279985656738281250e+02
1.277038040161132812e+02
1.275564193725585938e+02
1.253456954956054688e+02
1.265247497558593750e+02
1.225454406738281250e+02
1.277038040161132812e+02
1.484846343994140625e+02
1.369888610839843750e+02
1.353676605224609375e+02
1.452422332763671875e+02
1.476003417968750000e+02
1.562958679199218750e+02
1.539377746582031250e+02
1.558537139892578125e+02
1.504006042480468750e+02
1.501058349609375000e+02
1.465686645507812500e+02
1.399364929199218750e+02
1.372836151123046875e+02
1.327147827148437500e+02
1.294723815917968750e+02
1.305040588378906250e+02
1.290302429199218750e+02
1.327147827148437500e+02
1.330095367431640625e+02
1.269668960571289062e+02
1.306514434814453125e+02
1.334516906738281250e+02
1.372836151123046875e+02
1.403786315917968750e+02
1.334516906738281250e+02
1.306514434814453125e+02
1.265247497558593750e+02
1.213663864135742188e+02
1.353676605224609375e+02
1.309461975097656250e+02
1.281459503173828125e+02
1.263773727416992188e+02
1.272616577148437500e+02
1.259352188110351562e+02
1.266721267700195312e+02
1.234297256469726562e+02
1.256404647827148438e+02
1.400838775634765625e+02
1.353676605224609375e+02
1.281459503173828125e+02
1.256404647827148438e+02
1.241666412353515625e+02
1.244614028930664062e+02
1.244614028930664062e+02
1.282933197021484375e+02
1.316831054687500000e+02
1.229875869750976562e+02
1.272616577148437500e+02
1.265247497558593750e+02
1.262299804687500000e+02
1.268195114135742188e+02
1.356624145507812500e+02
1.277038040161132812e+02
1.285880889892578125e+02
1.328621673583984375e+02
1.340412139892578125e+02
1.260826034545898438e+02
1.281459503173828125e+02
1.271142807006835938e+02
1.272616577148437500e+02
1.222506790161132812e+02
1.241666412353515625e+02
1.238718795776367188e+02
1.297671508789062500e+02
1.358097991943359375e+02
1.299145355224609375e+02
1.288828582763671875e+02
1.285880889892578125e+02
1.350728912353515625e+02
1.274090423583984375e+02
1.316831054687500000e+02
1.282933197021484375e+02
1.417050781250000000e+02
1.331569366455078125e+02
1.290302429199218750e+02
1.310935821533203125e+02
1.338938446044921875e+02
1.305040588378906250e+02
1.321252593994140625e+02
1.263773727416992188e+02
1.166501693725585938e+02
1.188609008789062500e+02
1.215137710571289062e+02
1.346307525634765625e+02
1.499584503173828125e+02
1.269668960571289062e+02
1.279985656738281250e+02
1.218085327148437500e+02
1.191556625366210938e+02
1.250509338378906250e+02
1.241666412353515625e+02
1.448000946044921875e+02
1.343359832763671875e+02
1.343359832763671875e+02
1.334516906738281250e+02
1.372836151123046875e+02
1.461265258789062500e+02
1.391995849609375000e+02
1.378731536865234375e+02
1.421472167968750000e+02
1.338938446044921875e+02
1.474529724121093750e+02
1.440631866455078125e+02
1.421472167968750000e+02
1.481898803710937500e+02
1.458317565917968750e+02
1.331569366455078125e+02
1.359571838378906250e+02
1.508427429199218750e+02
1.433262634277343750e+02
1.337464599609375000e+02
1.363993225097656250e+02
1.450948486328125000e+02
1.394943542480468750e+02
1.355150299072265625e+02
1.316831054687500000e+02
1.374309997558593750e+02
1.414103088378906250e+02
1.316831054687500000e+02
1.387574310302734375e+02
1.361045684814453125e+02
1.333043060302734375e+02
1.467160491943359375e+02
1.499584503173828125e+02
1.456843872070312500e+02
1.362519531250000000e+02
1.377257690429687500e+02
1.250509338378906250e+02
1.316831054687500000e+02
1.325673980712890625e+02
1.443579406738281250e+02
1.421472167968750000e+02
1.437684173583984375e+02
1.419998474121093750e+02
1.374309997558593750e+02
1.396417236328125000e+02
1.445053253173828125e+02
1.468634338378906250e+02
1.506953582763671875e+02
1.244614028930664062e+02
1.231349716186523438e+02
1.240192565917968750e+02
1.278511886596679688e+02
1.226928176879882812e+02
1.501058349609375000e+02
1.412629241943359375e+02
1.251983108520507812e+02
1.284407196044921875e+02
1.262299804687500000e+02
1.349255065917968750e+02
1.299145355224609375e+02
1.327147827148437500e+02
1.371362304687500000e+02
1.349255065917968750e+02
1.287354736328125000e+02
1.358097991943359375e+02
1.386100616455078125e+02
1.371362304687500000e+02
1.428841247558593750e+02
1.408207855224609375e+02
1.478951110839843750e+02
1.443579406738281250e+02
1.315357208251953125e+02
1.251983108520507812e+02
1.277038040161132812e+02
1.325673980712890625e+02
1.279985656738281250e+02
1.284407196044921875e+02
1.335990753173828125e+02
1.306514434814453125e+02
1.271142807006835938e+02
1.213663864135742188e+02
1.243140258789062500e+02
1.156184997558593750e+02
1.182713699340820312e+02
1.159132614135742188e+02
1.197451858520507812e+02
1.216611557006835938e+02
1.216611557006835938e+02
1.231349716186523438e+02
1.221032943725585938e+02
1.223980636596679688e+02
1.296197662353515625e+02
1.300619049072265625e+02
1.123760986328125000e+02
1.137025375366210938e+02
1.157658767700195312e+02
1.201873397827148438e+02
1.213663864135742188e+02
1.159132614135742188e+02
1.225454406738281250e+02
1.165027847290039062e+02
1.194504165649414062e+02
1.182713699340820312e+02
1.178292236328125000e+02
1.142920608520507812e+02
1.134077758789062500e+02
1.162080307006835938e+02
1.165027847290039062e+02
1.150289688110351562e+02
1.194504165649414062e+02
1.125234756469726562e+02
1.082494049072265625e+02
1.095758438110351562e+02
1.075124969482421875e+02
1.044174804687500000e+02
1.088389358520507812e+02
1.103127517700195312e+02
1.147342147827148438e+02
1.181239929199218750e+02
1.225454406738281250e+02
1.275564193725585938e+02
1.359571838378906250e+02
1.428841247558593750e+02
1.425893554687500000e+02
1.470108184814453125e+02
1.408207855224609375e+02
1.319778747558593750e+02
1.381679077148437500e+02
1.419998474121093750e+02
1.422946014404296875e+02
1.390522003173828125e+02
1.346307525634765625e+02
1.307988128662109375e+02
1.325673980712890625e+02
1.330095367431640625e+02
1.302092895507812500e+02
1.287354736328125000e+02
1.340412139892578125e+02
1.337464599609375000e+02
1.387574310302734375e+02
1.383152923583984375e+02
1.403786315917968750e+02
1.399364929199218750e+02
1.359571838378906250e+02
1.274090423583984375e+02
1.262299804687500000e+02
1.200399475097656250e+02
1.213663864135742188e+02
1.191556625366210938e+02
1.209242477416992188e+02
1.150289688110351562e+02
1.097232284545898438e+02
1.067755889892578125e+02
1.129656295776367188e+02
1.120813369750976562e+02
1.172396926879882812e+02
1.182713699340820312e+02
1.231349716186523438e+02
1.185661315917968750e+02
1.195978088378906250e+02
1.221032943725585938e+02
1.266721267700195312e+02
1.259352188110351562e+02
1.212190017700195312e+02
1.250509338378906250e+02
1.167975540161132812e+02
1.272616577148437500e+02
1.247561645507812500e+02
1.232823486328125000e+02
1.201873397827148438e+02
1.260826034545898438e+02
1.188609008789062500e+02
1.179766006469726562e+02
1.207768554687500000e+02
1.222506790161132812e+02
1.193030395507812500e+02
1.226928176879882812e+02
1.272616577148437500e+02
1.284407196044921875e+02
1.279985656738281250e+02
1.324200286865234375e+02
1.293249969482421875e+02
1.294723815917968750e+02
1.310935821533203125e+02
1.356624145507812500e+02
1.337464599609375000e+02
1.347781219482421875e+02
1.324200286865234375e+02
1.377257690429687500e+02
1.365467071533203125e+02
1.400838775634765625e+02
1.412629241943359375e+02
1.434736633300781250e+02
1.389048156738281250e+02
1.282933197021484375e+02
1.263773727416992188e+02
1.281459503173828125e+02
1.269668960571289062e+02
1.296197662353515625e+02
1.235771179199218750e+02
1.237244949340820312e+02
1.187135086059570312e+02
1.225454406738281250e+02
1.237244949340820312e+02
1.260826034545898438e+02
1.394943542480468750e+02
1.365467071533203125e+02
1.506953582763671875e+02
1.456843872070312500e+02
1.493689270019531250e+02
1.546746826171875000e+02
1.417050781250000000e+02
1.378731536865234375e+02
1.350728912353515625e+02
1.452422332763671875e+02
1.477477264404296875e+02
1.458317565917968750e+02
1.514322662353515625e+02
1.505479888916015625e+02
1.505479888916015625e+02
1.506953582763671875e+02
1.481898803710937500e+02
1.493689270019531250e+02
1.430315093994140625e+02
1.335990753173828125e+02
1.325673980712890625e+02
1.349255065917968750e+02
1.285880889892578125e+02
1.274090423583984375e+02
1.309461975097656250e+02
1.275564193725585938e+02
1.310935821533203125e+02
1.305040588378906250e+02
1.282933197021484375e+02
1.381679077148437500e+02
1.340412139892578125e+02
1.327147827148437500e+02
1.343359832763671875e+02
1.383152923583984375e+02
1.356624145507812500e+02
1.412629241943359375e+02
1.353676605224609375e+02
1.399364929199218750e+02
1.390522003173828125e+02
1.347781219482421875e+02
1.318304901123046875e+02
1.337464599609375000e+02
1.362519531250000000e+02
1.368414764404296875e+02
1.383152923583984375e+02
1.412629241943359375e+02
1.446527099609375000e+02
1.428841247558593750e+02
1.425893554687500000e+02
1.350728912353515625e+02
1.334516906738281250e+02
1.307988128662109375e+02
1.291776275634765625e+02
1.221032943725585938e+02
1.287354736328125000e+02
1.284407196044921875e+02
1.309461975097656250e+02
1.287354736328125000e+02
1.330095367431640625e+02
1.340412139892578125e+02
1.335990753173828125e+02
1.343359832763671875e+02
1.394943542480468750e+02
1.347781219482421875e+02
1.437684173583984375e+02
1.431788940429687500e+02
1.389048156738281250e+02
1.412629241943359375e+02
1.467160491943359375e+02
1.394943542480468750e+02
1.422946014404296875e+02
1.389048156738281250e+02
1.409681701660156250e+02
1.389048156738281250e+02
1.396417236328125000e+02
1.448000946044921875e+02
1.417050781250000000e+02
1.366940917968750000e+02
1.375783843994140625e+02
1.353676605224609375e+02
1.417050781250000000e+02
1.428841247558593750e+02
